2041
3359
3783
4088
5106
6560
7003
7337
8147
9559
9974
10175
10634
11161
11436
11862
12513
12641
12848
13089
13224
13432
13773
13880
14522
14525
14676
14843
15034
15188
15282
15533
15671
15874
15974
16183
16339
16357
16434
17031
17106
17245
17569
17705
18135
18859
18951
19499
19655
21110
21738
22303
22917
22979
23096
23282
24156
24414
24438
24923
25000
25242
25502
26010
26352
26490
26509
27265
27344
27487
27587
27840
28265
28443
28463
28814
28970
28977
29672
29856
30167
30265
30429
30560
30656
30804
31210
31831
32031
32078
32107
32140
32224
32303
32406
32654
32949
33306
33427
33447
33654
33673
33824
33869
33983
34133
34298
34485
34529
34778
35127
35237
35278
35487
35506
35590
35840
35949
36035
36088
36238
36386
36489
36551
36721
36869
36950
36990
37101
37268
37519
37601
37833
37875
37891
38085
38289
38338
38570
38719
38910
39129
39306
39325
39354
39578
39961
40009
40084
40195
40277
40347
40534
40598
40784
40804
40937
41055
41168
41197
41318
41442
41471
41744
41931
42047
42163
42316
42335
42355
42365
42399
42441
42552
42562
42572
42673
42823
43059
43212
43295
43324
43550
43754
43956
44144
44263
44298
44468
44555
44599
44724
44807
44836
45035
45044
45300
45349
45432
45534
45926
45945
46334
46436
46562
46591
46951
47001
47064
47209
47238
47341
47447
47648
47731
47837
47857
47923
48247
48287
48333
48381
48505
48519
48589
48592
48847
49385
49497
49527
49561
49756
49889
50118
50148
50233
50358
50378
50472
50514
50624
50750
50884
50903
51059
51579
51663
51770
51903
51923
51973
52374
52557
52837
52922
53281
53316
53423
53665
53704
53788
53818
53942
54099
54118
54203
54337
54425
54445
54494
54686
54860
54909
55017
55102
55132
55210
55259
55333
55537
55605
55625
55760
56021
56334
56438
56923
57048
57078
57177
57291
57553
57638
57677
57688
57728
57764
57796
58214
58299
58319
58477
58717
58875
58962
59069
59089
59158
59224
59382
59423
59437
59467
59511
59643
59752
59836
59857
59992
59995
60101
60120
60171
60387
60391
60394
60414
60520
60550
60764
60782
60854
60923
61204
61363
61448
61514
61693
61798
61957
62043
62137
62308
62328
62378
62408
62939
63083
63130
63239
63259
63289
63325
63484
63661
63691
63766
63906
63926
64012
64042
64171
64257
64308
64414
64417
64523
64543
64574
64680
64839
64925
65105
65212
65232
65262
65348
65508
65594
65614
65810
65990
66017
66037
66105
66233
66370
66393
66636
66640
66883
66933
66954
66989
66992
67170
67327
67330
67416
67547
67683
67754
67927
68057
68088
68090
68108
68194
68214
68375
68618
68866
68976
69027
69243
69274
69315
69511
69591
69649
69755
69776
69786
69888
69964
70074
70640
70697
70858
70925
71103
71123
71134
71264
71351
71458
71502
71549
71619
71798
72026
72046
72116
72157
72264
72314
72405
72691
72761
72853
72970
73295
73457
73616
73636
73777
73952
74047
74055
74114
74134
74221
74400
74562
74583
74602
74653
74811
74831
74898
74943
75168
75189
75210
75220
75240
75351
75489
75510
75586
75597
75708
75756
75921
75954
75975
76046
76117
76137
76158
76276
76300
76363
76407
76436
76495
76546
76765
76904
76924
77066
77076
77087
77174
77393
77496
77604
77736
77834
77854
77962
77965
78074
78125
78146
78212
78344
78375
78504
78555
78667
78697
78917
79077
79276
79368
79456
79487
79544
79619
79707
79845
79867
79939
79978
80009
80030
80138
80229
80301
80322
80389
80477
80498
80609
80640
80678
80821
80929
80932
81021
81092
81180
81292
81524
81703
81724
81795
81951
81976
82064
82084
82115
82227
82248
82496
82547
82659
82680
82799
82907
82952
83020
83072
83092
83129
83204
83456
83617
83704
83796
83837
83865
83906
83957
83977
84029
84229
84278
84411
84451
84456
84642
84683
84884
84932
84936
85024
85069
85185
85188
85281
85318
85349
85389
85437
85458
85482
85550
85602
85643
85679
85844
85963
85984
86093
86169
86257
86278
86439
86551
86640
86692
86804
86872
86914
86945
87137
87198
87218
87307
87338
87440
87468
87489
87581
87633
87725
87762
87927
87988
88016
88180
88217
88289
88430
88451
88475
88511
88543
88595
88704
88793
88796
88817
88838
89067
89091
89253
89317
89345
89373
89454
89475
89506
89616
89757
89869
89890
89903
89922
90052
90055
90124
90195
90196
90373
90419
90539
90610
90648
90669
90762
90803
91016
91017
91085
91219
91246
91384
91433
91525
91545
91634
91635
91748
91800
91941
91999
92013
92051
92096
92185
92274
92305
92347
92415
92496
92580
92602
92653
92711
92877
92897
92997
93131
93220
93241
93443
93658
93679
93682
93844
93881
93933
93938
93965
94015
94047
94100
94209
94231
94298
94351
94464
94627
94715
94792
94813
94850
94881
94902
94985
95178
95201
95268
95527
95596
95612
95658
95799
95851
96149
96171
96217
96238
96270
96404
96446
96604
96654
96766
96770
96864
97021
97022
97188
97209
97319
97323
97354
97440
97485
97575
97621
97627
97778
97852
97873
97904
97994
98160
98181
98197
98255
98270
98292
98436
98518
98751
98877
98914
98986
99012
99056
99077
99080
99244
99311
99401
99468
99496
99635
99699
99798
99888
99987
