2558.752211368413793596435601850852314749655243382593808496577
3886.4512897909734337608036923467459519612724044241319528328158
4298.6631790894275042594218572611046840416486276102057998124858
4589.7488115350410272216505651354077628369541076427930906829789
5545.6678952222411990604443853455998911081238093546729414254765
6871.7890738565376191242883467692208367577604741890061435514461
7267.085461535735811117439110230221628102443803319718235888487
7563.1828086647857102047109369140057168319616609506889172733747
8277.5505317312722393773896252980745316897791489261157385207497
9500.5953213444347185164586143502427618356773968833194141978547
9856.0313869988344616825093949501088786146321029373840750030804
10027.3348157085784422145574764628750947918733442078471201829076
10417.3227578666265238354531504438783407044099710617534641666978
10862.7582540742114912446347029151537540030895535191980249342311
11093.2270836309572632649620715799378306889834847399858920007851
11451.4574369911509463796002155856161832128161183737416229654232
11994.5320320313382889791569239872594653194882982824891802904832
12100.0854941875032676973394247700030537319367505801854508271053
12271.83950925358621498497085314996051773092801877804425418942
12471.4457711951315923409885253790722791880278650178174163898646
12584.0367637964670771352573760546372121443033415802755553403525
12755.7743211929348787491984041170572160826328321214743815141287
13036.6972712957069458969841068288647406503936672780275357050937
13123.7706089979165407609818129172989709905544869157914566899534
13650.1094786927913031605139914786194868568940390454011514237911
13653.4767110407839265180747828381131366200312285109161527896694
13775.9527418630282124349182310903821553338651638533296279230058
13912.2660743487839627259885059382325830505235808229608186771115
14068.0194749121188059631685362404652240641779984128465750475085
14193.3658063580269103252229287113992108450696500408529028086612
14270.6925846335982784616713749764027079378335304442750644671823
14473.6208972698668529073739149759986783225199066558059288977153
14586.4926841499517601933804020395245786375254524631158370568154
14750.9878925646074401988536072134313635644145549697766732228516
14831.9335326701850637910245162648007497694617959965402691865093
15000.0087829300499343557719191467062035744988390375359306297607
15125.8945849292171545842487345032609983635162621582283564102914
15141.3348811831345228012236057797736775768156761757648580410045
15203.4273365908184565809303178169660575868334787060582470331236
15683.9986857581577992455573413792056399839494645268848718302737
15743.2884601776231124483471019431893507191127623595658464635249
15855.7249924024336177662337869997543914611570465332787776999051
16114.4174671747076678216078565028490015748340783353199388635672
16223.2648504801816056586989923951332166584748200602651695494528
16566.7586336536077919062861223964201245930526172603971388930484
17143.7865361811214122661237703018276389624744781135450845161182
17216.7782471623472311551979480461467076194777132515480852119731
17651.0866347196177674090183653235854360393108670915536471674215
17773.6534518528651154911706358426707678920800571204190914423012
18920.2072045166615992805705692272650725437665679140145765459086
19412.0035224073150319798977595799228688235889863438087361494594
19853.2072471340563477747294879309815416928066066318434471569489
20330.3940346024877634260652999283502971957086130410829152954948
20379.3953396576437680599613409352239061631176528094877784590081
20470.3245686282294253115801429365022624792186258390004117555003
20614.8205696623070024724674078247204360430430385807300351003736
21290.8123332940498257712298235516390885125137445932998868473554
21490.2672172163975675977456830182568019262738854333209048799331
21508.7427089187189162728035941082734474463609721762206877279574
21883.573323677646812013013533324985749597322104631212093089049
21942.5924301312255398788008116607183443720714096199023571334598
22129.1930496249893360607616078925961169991579838380436768583345
22329.0957561759227060181561284829853356566349018632536378913587
22719.1125512017568860316299014842521498527394887678869604312098
22981.1764794973129289914259960056476254400717343043740832194922
23085.9642731179119672402941604536471271249867463192004507087351
23101.2931736562825964127807795242008068823375542787994104761303
23679.1216126283378311761325915377322752103451486033034090593977
23738.6697376530251379063003318714011816375545702168863196576892
23847.6227516455364895314338143242321454685215733820184727588332
23924.6675248079121609304661372896952544360048578670917421918678
24116.5675113090503585141143437207253927986968351926340778942598
24440.6874227288012459735394843447784159211689572264197438614963
24575.8926387427242594529183266934895015067266499983833225273649
24590.2399325766991644968987861045749209658674405485351196886375
24856.7527091653009855626939108446288577571801584042115183849814
24975.4487500002219604291768494818727597749417485659433493484008
24980.2961914922389310212473914002336952940623717601309723742186
25506.5652611720066921649890135909662680684716843645635901521187
25646.4744012775581450015700531085087267417839555036376647401099
25881.3424635894409395101953952629924179599026347673887833241544
25954.5434702843087029607378406334483879361899192073931098742181
26078.2657569527598141319911551142134114245729339147481543291279
26177.7985824062681157215074167966634859740933534367789973711857
26249.3987904885973276123245689505195418666364202511235964922921
26361.694038268236743876952505195080536464546422353574836745089
26666.6735771105284767727943897364113693277826708928800706258636
27133.7001435735954785788677628278307730051004679511631426081789
27283.176611333086126339159106761807032135088698026363842122215
27318.4290972309395444483107754354365475745030278848791061605385
27340.9665501204630312094148321060869382954277447429006038936082
27364.9456052683022358361861581900276058082837528182333105909033
27427.8401499935831259178018522220354697963686294041772847766039
27487.8900981521220704244052350275334060438439745891836926021441
27564.417918119894943767322617492699944366756028460076061442353
27750.8116325525165891921085069805223638456342927902743716531061
27970.7263429381586937227758391984370340258806595944657898006911
28238.339516752008606374878515611776542570105046235242713617947
28328.7698297634098339197049105248420646407095346155554376440961
28342.951608708145562233138799173608304633394254517479516864554
28497.2760060640631395702406782338341260911712263938569294484371
28512.2282777983989793886254613877602197346356200545547044529302
28625.0500796297733368032209778929447088979572807198600430444681
28657.8649698312773826856135415592497951812116070440723174360729
28742.7838516941723209879450822866228305349208607822681378324224
28855.457374885365510584021671421986714233475507031753961108598
28977.5469792450386618191992213728703820588284587402573423936789
29117.5587517152294486747822790758925011185262176824064720727821
29149.5520911266743729196361558103652137862555258105372657310367
29335.6454035734505660532855954738508556670148984848808189940109
29594.3566564905296910675962701221110637082537073135629681138787
29675.9274662708031489634675246852677233384621166877359007747715
29707.1617689804176625878077380675918627312835167610001914615773
29862.2174474295966679539794509351118013059531072519618141569744
29875.6060012642749892172658739096994915208747785143727910070993
29938.028293555600352459266588585767045464460355120511642225633
30124.1629510741583962696286872566475526117324679705588837251897
30204.9051894584381444797649255758179666603073124270491624470478
30268.5983455060943492583745802860762685879547782500976879227756
30307.8266615144382584423390666144610832295492298333254645873705
30418.2202744997141594529017793563926294840791117064419449179882
30527.7909596220788449077874430598042366511113298922018377354422
30604.7438067445718516237410967317175705240920531184839269506436
30650.7019770639274789631717773524641152335144705091483883306365
30775.6814569412857799057633615752655235703445504388595137628999
30885.8317080078017903431410011020186542229060838643566687654823
30944.8661621981535061265758966905466455529733231058682637481457
30975.2697605974831794693602844298352273836300774990765552098183
31057.2950062723204151225527023858285599910048315064371797257264
31179.8297381648816603829418519233891654666661040991789305429727
31365.9438842709909218130455651317478999613103241936642680694528
31425.4895000925406623872124863021259638785871470518623722482602
31596.6626487519294784328693227094458222217580733068066599967848
31628.4208946476228546991239443032131748075870731857382639414125
31640.2130862874722617147483885105348198075846834282674947781181
31783.0417352500891532903220098314576890897468769416395353335852
31932.8210141676604417678376012357919361142907624080632128999547
31968.7512379935267737890599857038226612926391077983122713576977
32139.770672024597321462413978663388881443400570954867422025069
32249.1292008570505476168376874093447994890295344522696188612647
32390.2912081508094821583928665046226480576920804032231267574325
32550.4716447303506810742454056586730408596011935080424813770056
32681.2250135247851652426658334631525456522060812165826547237337
32695.1598219801091798233662577614120240314924170634300053785218
32716.3534505992572814378742183517527528328058485337504454789943
32880.8274683257047854326853223877727339154742837561201024752855
33161.7762974730176242487539835332594910377577024508218330796836
33196.9504216667044499798567779268958620429822496745328929639083
33251.9166205627489152531489558107833145937041131530283552729985
33333.2063882618420300298985426442728814279387488842846685419141
33392.4409770900360882085992521624487992659116241793829743598019
33444.0050054021045505402800493412416072932747908226923335804715
33580.7629687855128117772559766655005005228001788419472587114717
33627.5845978710206242922143195645884944645599524775858906140688
33763.945082905493110733404938240696946677967730027388583516904
33778.8677502473113357567371937877573087148825278754227414709395
33876.4847570607342408191686316941456280573806983057650801620559
33962.658408902279620207607873376445844567108469923388284301534
34044.6993698241464618781408862245199680555921451773116655940835
34066.3903260016595810336995852114284846347622215782800040982134
34154.0589127413498333596628568106404267385925842381661715087333
34244.6127721794779921815713058190218899138248990209527721892728
34266.4604096814965749744850047423535556621189959510315694214123
34465.8433899736753625353147437675707597401059182845712349318292
34602.406565924844959606092207638880782913769824622456683497878
34686.1507867968829743570401810992647541168775707226006087238331
34770.7116870477200156585643638095911258349815048178732697068808
34883.0876719996125649009653700868523187123136145989146359185733
34896.2472796107313676342670177576428927644567708868411414201674
34911.3979007178623608078863573198875390037294847397902836303411
34918.7407298411400691300726636640972680987571490665672746418929
34942.6788278520657252742267001744677744322825353486647556426542
34974.1429431491576976112526175835763669622406762021209286551493
35054.9770072861898786099225897162059625822794420766835877119306
35061.4682831543211674749878519297255300845125441430693105795423
35068.7508849652516163132675953784719807724361892323450239935515
35142.2899879509794740694612287773702064782794591405630943693691
35251.4818823654168852950883213328812606713218771045492769673125
35423.2745468503401581662511023716411844962341795122581917308905
35535.3288582511212862248442823682318941201776654400166103880038
35594.7937548595421028690526253029785023848174035697021943871551
35616.2862687919574776493972160122246359591072895618495972817289
35780.781155374191670644736398514673968724278461961822234788354
35929.1180252002442156945072074375159283963855061098641716164251
36075.006546167228482822767472861265139565198983296274928110992
36211.4521044564051757970704494158813527718987420548393220927813
36297.8393725264163209230414886914627485280361270687294540585066
36323.9574322451716468238893024016351807581924406657835863171682
36447.2373345171962193878577721414733055467940131448717839034291
36510.1663852973813105327500800803565982307881478052410583010194
36542.0560643331497260909503899821383868175476991410521095604029
36632.8321646599070456016606699124552336167314455698829968215228
36692.1510627897334491589726974240515521955469684536250992157389
36714.0281244034343677583711573158567682156241506567957500306645
36858.0804122927807294010877028776834866953714114077425991080059
36863.8612272166327653966395806393925082768044865134803661531036
37049.9391730399186822753606107850751041412889794829581166938597
37085.1418308976993251810611617817959013859078649717002536262103
37144.6941242123534188198853345887469168465859360349783314061054
37218.5882621356441357199653619748375372595235399264851261200198
37501.9058095203114844054112982177813003882550896827873715268288
37515.6735589877074200581036171970608857933374954980655071425591
37796.6262255482709122349504407803598982304572943715311093559328
37870.2504394662319057169021231464824185142189857480988759488766
37961.1994642731158470273013588021907815059452107844832435744351
37982.136639471433228218714652173512148993776541802908662473917
38241.9431934423535795640192055039037044868888709683572372873566
38277.8702354586674410049413413003026476136871784277378423182009
38323.2830110499931524482019798891004238380433607991441303989282
38428.3809613044813475478710178991205266985130326557932952183929
38448.6157797904086494943506246871454503525685032652195962094379
38522.9160478147975471146480526602129458297366294509910428779842
38600.0258113447328691582367773297067253390032888565753803910414
38744.6457350808748873466330775935079298118287974982192951772878
38803.7459787482085034997491138862386021720341967769543041394414
38880.8155168213829470201648228987654325219874512642643891888175
38894.2932968751521159222658977922626074671350405233106740039566
38942.6804140879277100443265850061387699318231420141763775922131
39175.003463992495389025672784704563126160258169331911368135334
39203.7800227935403364322250120836447787907856902131340387699071
39237.2411352124309573340722882664389809076177200795411086759203
39271.7504527177160444662190097420177050350072045318837790040924
39361.2261631141133777738265324888302083288010916094047056253718
39371.2694205395153870787416356581249533461801968852741323485471
39420.6841367082277398630931458982191982081174156258793210072916
39423.4632840128231311184359467644257745312304684569344345536688
39606.9682791523589572631611781248257906233015180307976370845681
39992.3515943160671488119170363079962236647314750902122480709539
40072.85404880130608718834472063041708079900623954012634743588
40094.9490358205180506124609388377755191357146891974435697609756
40118.6018395061272797947248830105465491628567117597649449471535
40259.1195389383402304645663100627496853200829861342087692045751
40353.7205946092145597247537439492491050608334044125568381844339
40517.9166987710147657574368691481697835624679632920482691054055
40539.9991695180963576140578509494725275597352314074557262863938
40600.1623833950501795206315918304391928607814494947061550329253
40689.7069006451036533611122969095582114530093101238999263866388
40704.6478728311507360934764134801537884094155311144995335570929
40771.2788154789015632746943755631932581121347526108896690150145
40801.3421002164365897537395111587537914357629655898582894373236
40880.0281048294211063003795759950507099284259268215862041121299
40970.2611759000848904242927918055385745709468733672119729644155
41066.6484831120549995368345145872533415184459129762497790609386
41079.519024986318017052203461928649795596612663431127717379874
41191.9230679705169724626659464851360339436730204553394540384082
41563.5429691677334098195966156878945633417687473029156215789779
41622.8149084532858587010970246027436413291286532040372478397994
41699.9274024524363740386554941023104564781025237624172247165563
41794.0974428938663898632172710011263897958324941325297463917355
41809.1005115928419190744577999627287980871248937482148202359304
41844.6682664242000102844244344733658493483058255931461381611295
42130.2252510061784532270248700922239545771228482618882325713753
42261.4598319755519340086366019357980967839084206266507050308448
42460.9449643966342960073017783929990437739498555202291375390447
42520.809170427382551674844741960805618436048351750720855128715
42777.1456717372613173659870274697139351717722962443514146189722
42801.1586692864405688879126494067992403175622023965154391162822
42878.2594581525668851685346828944314329073896909615971235710307
43050.4386352992984857538980942952589552686592270297921294285667
43078.1816507775606343832695779770105350531303097777286983114715
43137.1794764696462939753730066869126187182999110144033747717015
43159.2030862496729526446874247439486532195845918281629955320341
43246.7112263841320798757110420120720732729580095937578395250601
43359.2612204108513365095171527529536152541212222066572779065447
43371.8311039012767920067365229242565362656550289204592929681552
43432.9973199647542485149499590325213486437465458676539254128371
43527.358194473816863134666881927236813567279346706671485926447
43589.9580183982333966752907911858407299998475599205470307111876
43604.8969674313501486122040404527213906238627047187226347087009
43639.7066405445669669770948525948452380719217486979847102934497
43776.0778761766452490701926839612062714703917808429500454532972
43898.8043287183963489300276356279956181020678462756853442004686
43933.9641454373153353904938713300816298817260026688365537360788
44011.0891552938774669627999841557200448026156646432169543431276
44070.607166491800051289579115294164553834556538195464917964482
44092.6194358307625012214977954681738671925094508007396534228042
44147.9698858171489268361159340095599843380279962027634048197905
44181.9948678388738286668028606320350984989084358453087535263797
44234.5823818520818253280081826619297817234910566027054379578813
44379.0861687454847154028047820963906012673614092663833608365483
44428.1586613322072907082028346405666650275904906944527729070929
44442.2243819203617097903281904832352725937364281921823990977248
44537.8928956838185236187960394611510962848923827092666076896294
44722.1707588261276556575420898977392286927541476034308649227239
44944.3971596153992600125165968371750546714654967075648604246128
45018.091851262125779438781011646938177117104782040948341141601
45361.2958567178503452125418840940954080541126720359860189350703
45448.886296904768134074306348033715498149006784278164063063256
45470.6203346558822153608463117255291370020329809865591068320663
45540.1132507746953367526233943971705418484984305605366622186525
45620.8185423077383236650076489206261598396347071328042339169805
45806.3299582708473888072376126892718916897828297551448135797019
45865.8695456617512906050502714187870427894511867152232683048391
45893.40578187114735156195603531824956712662072398058024448059
45901.13644543134939900564444937374047973298523883753069225775
45929.4156755323060116240254192497841953949439705188608616621317
45956.188119202623643953681955132205574432060422912295079032342
45978.1910296529710542435493440874330561107512529980119853470184
46272.6092973108270446131214448715635116504065281047891469831211
46333.2110526391782299895601585338256394036154717621619635200239
46346.5852685784425249040419001345662009961362012695095916355994
46458.7581192995179448135278608055741682854323407529489333660518
46627.247076383259882097699613287374934802484381627352164998435
46739.3949798794528675565039044007835873752080230794891029610165
46799.9718601044694043646091746770232394981506848693056377007529
46876.0909277952674068968287598257606590024781302364195769487969
46889.6864810508411579245364914210453174952799070031183706973769
46938.8300026805562443421777315591139815698165375683445460449193
46985.3377017367894281691642704885829922909135962946045850353688
47095.974666022023499536361710624321208809404180831006700047363
47124.6433118207704772627864207071731728698721370771924870614314
47134.8614932820161452553371896196246252517625575602496934587039
47156.4973744524991984824663572490533217341322712628151778482985
47186.6893578873579237089729689443068656102121476942464576774562
47279.378934484716494788424104282662087822262018293732183624507
47357.0079787800494883165304908139395622962621057707342462842131
47415.4942205880139040236311966382459942939966631364619738698729
47431.0362816504105151425577064938260237917809228332325552443941
47525.215145613291422391756696632728470547479380927368204190403
47527.9863994351067419831036402207926724053087776832138958814245
47602.2083555593681328517094283119431190412763827956883247337891
47615.3983840885715836604660598566518946908857718063716992274094
47651.1404703106383546686266672729430059915556298796436649814394
47803.4789813646785147069935585780832309483108699079698291529133
47805.7952859146203830428205486358669504065596591244288305945168
47808.589439474291432818329899537080593230574832676835935546013
47821.9587734621860100064313515889847418282200393524485101263532
47896.5008092180191646792623896669661607175459286277853073129295
47918.4536687983038163417437315045944912862847711496113666645929
48067.9323198818766169702290495143857202834769745652384944604991
48080.6298496261722271872976815091002404677898295276307435965691
48131.2639163463891387277634654944224181843007594849607087010971
48180.5055491444390736685298750147807232219206563893955787293845
48377.0180248060705439604954029778847455335974448074256353275944
48489.2307341395563154789150334355964304526254443840411498221872
48548.3637824405365169966573195893248520407692875314503883717593
48594.5778474945211624816184516341341905731004496102466180922589
48720.2817943636829484675434804021061562928599781930418401972272
48793.8615199092463010836860176539865002543206389164694492923675
48906.1259861241991471228364343902205914473376815893135223920293
48965.6549830378274651354582771102165520059920485931139228458721
49032.3801702843927497339405237429410340420616497157359381168046
49152.2548934383209640070654822265079005331678823402611793577608
49165.5343872388340014691564621155547451455304044063532866481436
49200.4529930680799178142263763997518563807329959481585942255745
49222.2573865886761933702910895920709295959019018305401230231781
49593.7157379176473846912863523573102069453954716111706160139148
49695.0429959575168096868226501198713791061453729104023031631948
49727.1900454659584832545125538608689316286214490873012278494498
49804.2044319112988749964706523411680340175139574982209439658848
49817.4771062681167907761227403947734202744447044067404457618285
49839.253072063097588831399108345547510797647428357790903991142
49863.6769891945328228734398846199472088182227077875454099309891
49975.6693702427045495425223607832571744228107380512753133459875
50098.507977049212403682436258453684636763173272788197637723193
50120.3502954248410378948431140338360863394409770360689909695823
50172.16774957863034633150106916963114513275405268272252030261
50270.0456162909649958145523969910119350257646843599097080586068
50284.044192777229941510123795257012688735890650586550133287685
50344.284040660120160631841200938018977561535092872164831670396
50365.7058517139563471618278633480345234697022317561409980701266
50455.9865364996588580652090234491260286068401693238699726361795
50516.0850774221487577293938558864016785809955495191719629694436
50551.0697543324487047058978007576702923517233168689121299920619
50625.1401679236434769552699245645134454708351300641950776199694
50627.9987923975004521124706080384661788627728188216765276972326
50701.8679592709525616771477753969886113739852246816094894363916
50715.2687957979266749174020211431689292395765690438511904634092
50736.8332526830957855741275937562221729311190649006303462770332
50811.5157829766189720430379222065468356923497852928680292562324
50921.8925346431037602768474565687687854107783957327865132913888
50982.5842576521024089416696351918898758913333961503729681771436
51108.33011561369348620014966724661463320249214891678376215083
51182.8619856860172281481786995873087912552729326349254785290396
51196.0900402824703999612114440367926940065512569924347208077993
51217.770814041465098426836041193568322360272108117841826967603
51276.9998181461397847225633676461054718895700502313587337016453
51389.3972370148570122534251342211424798735945817475742668776981
51448.7294753267140315367401669834644172465296680301001992006838
51463.1657343387573898282948527793896572963302892454559859668947
51599.9675773835595502206940097781585178870007452640710230473322
51725.3083145307936972590480742774760969904498375717099964671162
51744.2688743189378896368170408780481554001686118491139960632768
51757.4603264749602263940311147107554305471710516522563075576413
51805.5416631883352147683992958246579034442766255571791559137459
51894.1260192377107751401993626334160710065074484736660919438421
51990.0161283898214009962896743617655845522533700927747405980727
52006.1725909157881004996098499715122320114298432263261746102664
52174.7142497733928812261778323636427871771892754657353664413527
52178.1811416305223453353431770404202221322262947226036666139401
52346.5615164120290981321939704193494440769486225701941357569732
52381.4295845782078967399724448990824962732794102943710058591683
52396.7199365595654291871951911266151523480970280291251776788284
52420.3664564005644818889427001186572725938570506590809472156632
52423.2399320648910068524747988870007989602438305813202147123317
52546.2163173341953205098471187743096683120779504057211778803054
52655.5279519004065340096072676291497084105672446226121533704323
52658.2345610040200450896635287553823623971590459669974982161361
52717.4409325833037465719422107941431904034854670997405139659978
52808.5397269754865532676937410049034584238830687963722278884132
52903.7980012253439649540668577525810241566888112104331352517274
52952.4079792318611722250904140690586308226445458318624170609315
53072.455659054837871049111750399579257693024432666592374183567
53163.1572156354355358286992959672570882938826825215474631148536
53185.2501513400503394768644825924177409547960644938027524763825
53185.9435530739850235165608038556177356492154817285957082994556
53198.4668690920629590930797094867254893724264607072933943306247
53258.7105673014949901475844337681431086214684736294874587424113
53272.1083391555852325087995498766944328874821107426389473992557
53384.6075966439874941276564864246805205600898653996985621151175
53552.6694899076883499726689252985566262212480061147757503309158
53725.4710956377661318823477133009274962018820968483919161449219
53801.6384311708181938962117075400110064620374754365774590445881
53837.2032831829221112664918736734448744071786433188490360056277
53986.3269096806144821392844227621634773159450178936904902857661
54008.5939133499756272700140837350687930437616047776847131974157
54036.9527228800875716464894764650304151333322861158160424009765
54172.9556613264513962623732475965226482664653523002027705708408
54228.01655841268664350141085958423264637920663840313232143438
54267.8633527171258370936388532187556819935752667069756309517026
54341.2253165806445208258974855679598361983091635056302342597976
54356.5728138473139729557665557145059796288369774995486203709776
54363.3873039033617382841012575531268111939086921566078217457237
54434.210909097037576396044773369027599722956345299724545211392
54486.1813432692278541441606659345738103087541389011165330747208
54563.1438309790999863877764773791881621884578910799853336940668
54954.3673066909513549354680860746024044987048843900937219212303
54993.7449499174465624715329068036572842937449195503846710008832
55105.9486206540050692178535582727764658934479929661588959013497
55152.1940456100378584834884267849751180501872102781625195345617
55274.624679613408908181941588764501008440580876280616121822376
55288.9619004823984471768826649049352910316057950596636013574668
55296.9219764838281636898289120057519584385280525834854565717498
55386.8324772964444058607690538214899231707184934182634835272356
55446.3199718831236395867830588096019943183364052540388080277302
55520.2971368469634767296887924027060618652405853524544217744362
55551.4887554028374519030440561979190065940488308648374933412604
55583.1994283832426201336801454375456862917761596630649364582268
55632.4044163374202271258502144091260364862131378921333985846702
55755.4884921184467892975449985529563125626676753880862750840412
55913.656409785305946836259355817621360852022694045127414251175
55926.6989561738210827461349004348512252479184394225586509872317
55975.7629980649147609030180045915895837229290521237173332778048
56004.0502128306672722077602450562557746486836250315041771005586
56077.8655590786976027493742611664631179374238978087031221751828
56112.6477182337105909429772478971770443348538901578373310206715
56175.371251084204934336746950498194519559499114014872468051227
56372.3574869162582297739199744331960548705095509116010943739969
56421.305976263794751437513265356926759162091907719714320940348
56484.6975316200780732769481126516004497575902017395291692314276
56565.189627731742282768889282700863818116787208773834000083207
56789.0899280056520619673619961941637518927363445646730354534401
56901.3902206218039458185879521337733816818204936586396676012626
57010.3377704402314352162086996956589698567265582720867113799844
57024.0625292360120357306104427739800928723103782046811157922585
57121.5614005777635256100672467785281195272237677062921494309605
57241.8322692894454478841637393247551486932280224909765171749674
57308.0738023365908295832510669227221597635219014037602956589165
57312.9253053632020315574033481602963480317387362599786121843485
57354.3486437823723650447199477774561898216731097488449187845854
57367.3761615356769365237397280710231928248644356337379040157654
57427.9910988309506114610825413658479763866545111984392069515673
57551.2882764728731036340722644874669800637484170286643035911761
57662.838952781256158481899484989229308117467510251699112865873
57676.6083804697447281082382473778032585730527922084778374329025
57689.9486983154480921744010996577352339847839336237038743866207
57725.5904715386261515285284098394015495398317606988881057352052
57834.3453305808699781218574143234216666414929556531306198686965
57847.2844876106383675162902558290200153739380811782690347641244
57893.5348733133370388362199767802037205540944762976472173662951
57925.2622501945664978522921271279776540221323943643547169076412
58079.9893521294161224464231128104998731593339172661069961556076
58093.6565820424112427404630161733572379906979502811925130803088
58108.8789913688723533766945106840973962843406719712886657636892
58115.758109650744762673075304727934619037433511335913185488086
58128.8202908263673857978958425490714213407713047606885013827017
58205.7766591316767007218590457632627074925222648898994024872702
58300.0899091811415538879503223897572164313532434394194264089211
58315.3204953453051341702774941465273512850006380922020836673852
58366.829627201885515524968993045865817010135926541893154786226
58374.3099662572371820847150256023968105109280142445423155305563
58451.3000375028875896234291056254393361608792685501576158847089
58483.6884508963215167513756849162775277920519511760799224758855
58597.1568747592287425830828564953327059891119109498926762660823
58619.8583316458745301268962632028648217378167287367857988271498
58634.9514196961347337258314908567894225619001594513330025114989
58683.0496076186980448080930163569669107045183284614681565999668
58732.5342847727740897153656894131319181395690382398113754155991
58745.5453139543438517670885145767023739812824225616619363611378
58760.7600131641421628941099590451216411188746235977977756057234
58841.5184351776546652481377651846621718918963840028356684881552
58858.3735637479497363606381482795376773705288811744529296864692
58900.7901063172771960800488600570951039257758285983098417721457
58931.8184698690859907256821470618262979403515606240518373535033
58951.7369872202758938977580035086221777936891273706800797379707
58991.6410180653900675317146514515387035504751770855719533331894
59026.8904660182502535821856128470313433508675608143188294198408
59177.626727920431937206448744111584131432378834004072238891633
59272.4028303908926809166619333724592179810752729300403163723077
59286.8601744088056537188477326655246276034478860877513670638823
59384.4064473419023459966002486045775698512434256985177494954626
59390.5135802669714720335468811800417811443658338646918360863854
59397.9875678506703119483856195321355309342668915607050665790757
59458.5880535782136640553291551840128060959017940091291942608809
59608.1243808293818687960732389291205638807293404454899778503795
59678.7298123818100227456165304142626714606262847844864788875031
59752.7223171954590713515336017223808742047251496722394578694224
59843.2587556512223346843540312138968791754359767317026564501735
59911.2370554147603072016313777614568349170068420352797387398878
59924.3703271168335174539037075502465731500850422207843610180369
59998.2659602789575657804888155813850942117784930100724382394016
60001.0175920925841159469849576263367434709476494749902614710197
60075.8184773682739014515140923632252785843136663515206664997593
60110.7382858749215258498303097424838660954611450386583911735013
60124.4396402804131887662460453355384351215554634904593826575992
60169.6998693264895687252773146312879986158568495593196331648902
60260.3247516169752276594706148545667145279103721992439494138039
60281.4032660993384560485940047671787831656452142991889318773106
60369.8372604317543125111138676566107893098708867628073359244434
60404.8376321598258161424530097423824554069664688718387453880443
60482.1464861804316945832049921295227687594912229538339637347559
60501.9784950667892056782569780842818331978938493249311128011893
60653.5916285762434383869685257608069643298841782718580336878083
60762.9081095022824483526398072620007931433677062157259814128711
60899.1948634705155758043711304058617702737872335292147587210413
60962.1460713497123780225776835875205188149516886582729629750005
61021.7173131055799401337707894110846500515341784997458815116906
61042.9025715238835923304667007026791514072261452580347949322078
61082.6140945057363848430946019704536249073753771760503928424339
61133.9104852232178852324518437422075455629972680393770232864954
61193.380140581819389678193186544358894564373327641540825536393
61288.5253193866497575996381764219148619086451036954636064294123
61302.7482818107511568853043372547055459629205258936221459845055
61352.8212533499551043183704442321799397038615955421954326789701
61379.5496817124240693803449393218364976865824315922397498192192
61399.9863831105603847071490755810526073349210603449785624565837
61415.1466221935111484576155995882706116201340650040516412568283
61488.9050035105226881970621004084289964385219345018548596175127
61551.0658599926740446458090896111122795808168695230961630323247
61599.6603629489569135575787910275063492101389562453986436580914
61614.7218573980643242841809385512579685653578369923743516734801
61660.4455975748355157601032210224889817412241654897758366162184
61720.1050702321672680943288219426488564294174693018105499886975
61734.9294930227500710065356712275272240095184034969975451117892
61810.3192667829053565919100084787108952542370654917899436197281
61832.0741563451454045646097076614484206306699946397018401940926
61857.3549311053201447684670020520013854863359008179160837280775
61955.0170919222012856479049144801549172992756120838430627328683
62028.8716912542553293085386020148728412679928612364324999979767
62031.7014460411786775155016741805985876979097966296212584364638
62091.63714443954584992449733437875737573243780136582242515589
62141.0022251018527569350014805709077846228721229663301644079563
62200.3348725292332446414025801750517496786848503012109047360211
62277.4598343240181456790498104967355445130820820431670382667233
62435.4067266547885714631606880129561528929603264399106579735901
62557.9622105705029022751249706283053726501514048178050694951772
62571.6867111682924067798939943450935700556765984095170742187294
62620.7599398023499362700594395413955552912796258654354134385252
62726.5963527080072305518085099334534133750829731808039956926405
62743.6696287399087356194669632124369991606520058620872806539012
62804.2875735964740768948281327008705046300925722347664248613108
62817.1814618040266716748242559078078819677431507659582270732525
62838.9367696075945087374120034659860402347041297724425291308291
62915.0411810650970336919321645043164176288465074402111915581741
62929.207666936576111153708604030011612708648926358062765697565
63098.2756284531811272780649160529376568476716537694043800036738
63133.2312325278259244602937653759935098968624741048580804223444
63210.1229978762162053831214720476551947884392144036860842882505
63223.9136346065451743346153417741973714818712693630757935935701
63305.0811195116971098572352728443880674885669046153123755922749
63378.4532809038751529992519992811950630405043478692439650962775
63409.8868709862994323673088123618083440273705147991405272055655
63456.1306442981825030643984766454915582212884663526892269436685
63491.4264905098145161149523382976838004065069599170017802502652
63504.5013094082229013872883804169715554041209717137871811740586
63530.2486238595134260000366750959905876457145612884019477341111
63581.4531370458573450705289484659905537516557639545389252027513
63753.2639504260364820262370236747160951781836688103820539886254
63862.9386792826747030361973242808889694296673044443652341350656
63921.4597674435891404699127307705481445771155435652091700407499
63984.1025599412814776445195630531779030472428531741512815114714
64012.1420205008670630395248507503298819185800632468990113303601
64031.0566593102459331486292462292111077531461445136340129773335
64058.9598109952265443132261278146114775068963412289117473542124
64093.6161710304890223712173043218656815983422183008171995599105
64107.9555988399222664430949806313930265978245385298364405063142
64143.0909801386552020709597391362067924776481464025303939232547
64279.5716854906352685770291369380589699978210134495914139295727
64312.1786625885807937654240282249795728552704896280131088173346
64402.4480861328218154507383010820585070733201229883761698666901
64429.8881573959474578244616018448424313084527771488420092124755
64433.9950270940230992342784831752679946571817145664499084938547
64560.5376563972620575891697940741603473130219914303394492715672
64588.5520107177079879150408198853252942372756531307566792226848
64725.1112361616004104807228590542609286435280626913329817299899
64757.0374633800347828277690922345736582695361146250871413776014
64760.3443435742405159359283296399572843729564427399043318309793
64819.6546211605245421491709221913801553749980246212486832262774
64850.8895065570157559261510824068002208773438505144473147076535
64929.0010267591255060047547885428526116556463565349514778188372
64931.8287165549203794923613153324367590393374199481007818351454
64994.9777457777627602698497548984582223573940424344754092567676
65019.3514858716380196087694338903237707662466033826626606616711
65041.3564001375826287900202383670363318520414153387501756729818
65068.406267604051272688085885728194309984801939423242827904567
65100.1955706134869719842167792724975179616172149296247210872753
65115.0532847814996941557438309274220848074820291540951739465103
65131.4715613467405948032017029110562789647697296765168292092317
65177.7867373267021246551472731206648334806348014591806845728054
65213.1465484603311684022040347946567695542514790404876948917906
65241.0393343746800054735421406630087481603504896289485046392661
65264.8258286940022911436751375242827395487542588648615005862734
65377.5399539514786707125967431387299241771857506716542335073561
65458.3894797745989399571783120127276846319127150493991274320244
65472.0210416737195967780869763833646553694256171629353485002212
65545.9410429565243941540597269388133698101761862248561826239415
65597.7693387818312731976911183882629911117137252248290257545256
65658.0105113448556560581796685362260588184007669232031374491
65671.5069349229110328767107818462602920572014790054251884807458
65780.9468559106699811785439781349798633854272243226572852065948
65857.5784606713029633213454678783161179901927263971987448065017
65917.3306925706293052209323658894478623845686154400471657065794
65952.5815636965576495082704744685921949948078044242203945899364
66029.1865501371788914281184663872393113224918123682990630588455
66075.4216745757031102989779656443644298255637299255189489040753
66103.6956847972622102065605738241496396002667436258126152073177
66124.1604864819049400940612231414912231674455755572056235076278
66255.1707076759414952166544173836683888445438381598313512433749
66295.8650076987818368022808188021770267654685934533714137386508
66310.1080934199640476623818509073301784906346202168883901518005
66369.7188412779146519818090368323685242542473055992297530573429
66391.5354739428405095940759271329656062039308023244617294399887
66459.9261369557544831265777039980085346626900046334279869396506
66478.9065125950979115998875129850561350481206143014027353722403
66494.4864370298972234911079865869716584705027007182739795026392
66556.0172216784909407866636492332534982262461224847218645037328
66591.4705872844656591123016797888490027469670431049424396659542
66653.8449595725388808512254024187740115998066463126439629030249
66678.2717242090912472152343110686077502900720570065921450781126
66790.6128881628533695128576165632124868001252337370468328841097
66831.4387895409185333783980284846555370712373430568822136077096
66850.3653746912417582583411569868560355466823947645685369494204
66962.2430945804768228447359633513625849639496833060392786463165
66986.5791045289957232033262825865255216460435734502141453571815
67036.0554565866135732002307181984273262170724568189129942598615
67130.8716922589643887002002565278384883059784108654471291587109
67145.7881227898021924468721384059741058969188776720825356849473
67161.7634910291829053706542461619235526551817401834076100923645
67185.8835105866476163812694019662325388025932951617190918750796
67208.1055385650111489827347670042972201230692110722866417037716
67243.3090608027506290853797512280932412819159683277533824462062
67317.0306732290155508211141904877726737424994195708355393150488
67376.6434883194575159023648188379873730009651257534723027813965
67379.5627242020360468506518389764700497206754452137939492473055
67392.9509022474469098185788598781975765456434013872824291199835
67407.90798683537395072780403964832070780066766610491600709502
67562.9221791169569406866597172090368765866958173332284751630165
67579.1195917188211034972275055139460587313242046830897549013135
67688.8499795793013533500708650234793972407296709075657639464614
67731.3814677322832808203938758653610389856173203953497802081535
67751.0203146526112137552127690201469474562812135479071757990953
67770.0410355839044431948624377281910128281073359765713746984664
67824.7491895633747944994087202123414014063753630442046752087846
67838.5600900041767206855781042980884253075775854803395730547554
67859.944458545328229287940155462419285338678598460684582908826
67934.4240491416038987053178230074916416785036518301253216722307
68029.0718280660805608958608016989995343546923517417190999897076
68105.490794780766361155090209514249165951342814761660555400245
68119.0203380489947571886431321441745554105480283105885242980484
68128.4639326952516617848806643421402992043538495924891850178932
68141.0922141799258814729234912274231157231892516076425397973226
68229.2161310736437036922483033163071102869350627971912050093713
68231.2462690901253180912448032086354160129254572022024214083954
68277.775039208400222920580570147719170024399979969693633617662
68325.6769173976884662190440598055893232807253388697683767115638
68325.8965328627764681093082372413745351471966615768022494496373
68445.781865784327990607431670758692733572492137480109059175857
68477.4247971089364493088664645555503945249660725169887193179499
68558.4327135717651011616419607941240883305424593210505332710667
68606.0165287627539720171824536614656881324290851438286048383266
68632.1430834010263488722021511491369678677808285396316131939046
68645.4759424378294130393145011915500137622829727024396798835458
68708.4191959615498063540445029437285099976542685746210554837335
68736.2532423554310462194376682720202458825484632790152129248823
68880.0342796224569887277472448766542349933349487259677751446304
68880.6198538974403557272199057058023383518159440969764249618967
68926.5068724372410346432929240864584185151053603085651403865599
69017.0621428213962509354785785226099737285147546056559848012641
69035.3073452952170691467604454803026454816199000970879925811471
69129.2608194014291212042270810455016717314503228182260575933188
69161.5803737995266474467551969569533516445973336200399019282581
69223.6307658278120257962214612370108763072365761314965469905865
69237.5528607308892302433265617529557009353892628230002928043054
69297.3166757671692109510826435817982731916076846866842593461812
69297.8380177891219976952127623132899661004074162396397894117365
69374.7170288838007243026637249263097352572376410700853462591923
69410.0833571942064672689039732057028618480824055802385853999479
69504.5171034261875908759249623731573426625938718498091099603298
69543.5595512148200303361723245223951901014514634458709951683057
69553.7496053755853657306208757253867696872931865016598483194903
69578.5877157203928712746364071726394613946253061129112109952418
69609.8299437420013705952818119551017113645805660077926593947771
69669.3163265527860823660258517782593000379672140367229816865348
69729.727388534804931576183687356542793752585752560399291122407
69750.0615396857572947539970323839334992015923144477384261928876
69778.5116185802952526266599980359971795534335376382188317715632
69824.447330708131705162609034530454265459744451066962936001892
69878.8926553529891748258277822649255245252421258175471072717201
69936.0359914463523179477751883537756907232715913138590709365612
69950.406396097368304809909804064334767939742748396093040566649
69984.7636238896094822789101504693444827156077352419171822718054
70023.8235279136529118017088067227357973016442130172468925253954
70136.3315670738871842251475319066452093605380248449368625753251
70149.1998027002739996103043163975065643176320497046488552111833
70217.4689014434570294040131356178669657160668798180357368036667
70307.8504227271487418026742409473862257372646306907221088376492
70366.9479178824738308855716932593243565438304097625861521040092
70381.8576577503219883982115194635721270152959211251668898790509
70517.916284677251587791903004350890327103262896142802195063786
70662.7511798245453672548599269790122422986093754425373645135224
70676.2552701102145394134674968159467454503322640525857236806144
70678.8156823741308275124882458934705049224094718199007781883627
70788.1891409021545717769528723793661631349253665857798170062092
70812.4443061323400418988932270808713555675369283869218218052393
70847.296256251460260641809609563245372806729003904425429171617
70851.3384984881309378943542958066880679389209824236804384090478
70869.5397632627511400011091885603801773749520764823708158517341
70902.9675727547631632120655869128378779161418165267067238716364
70924.721779643048155009565263438785840854333351308929575984284
70960.4271393101097275281151491684274373938266914031174488336255
71033.797164402131613035104794022599639511762651497601830055352
71047.9403276633630963057926880432962344647518630377359191991651
71093.0538656310325543296173880098670267065502377353652996858285
71129.3939807189389137392548565906996755745936191343619554589634
71204.7795011958092778975684773714566591273140155297172032718945
71314.9960332454164394168944377959933699479991774437813548817179
71373.7852453688606736805003378699811428237604644509204993442432
71425.6376302006617677782554991711019760576873019110437262363904
71440.2711934329961017339439742654937293479238269147137983626362
71464.5247867836143424717019577009067212948025532517250482090678
71485.9638680577735675010969988401295640550417582685835733939659
71499.7515703575398963235156307910718388632314725074900536131259
71555.344068807556868151377177480325425603429375128489473855595
71685.7989189552656776383591763232917944021336161028493820478
71700.6294433249992891003803308686356688011051065152852552833714
71745.6150175251943043960515177273194642359285364587497543228503
71920.5202464676543308376758347393127824357176547528949005332617
71967.1141380525406605088138447599282409834529321754660757571767
71977.6625223287638967648274576169478859764717223267594340780107
72007.9129337380464090246822171672776593268178182842162395730299
72103.3169093510338369858021155666944734146046680777912559204983
72138.3480305522871309939056292568656279856781493610979908110258
72338.3096382084129794134881209215575044980284051093011393537236
72353.1511319857570282744957280882512764025570501760232030715136
72384.2802926770056283244668962851671074794930706785037008962397
72398.3715962689888656682752672220761397093482900294565161345178
72419.7471919485861830699585439349344916865075080192209204323338
72509.9840992442541445583483752774753310735763643188237845393108
72538.1023191840074493673534612564437083295416530974259241010944
72643.4843351448241428011001135247291986668073011696289332549928
72677.2628406589390585212666202707627673670079404198284096379048
72752.3048559415308416252005569297872712770540632223418813132133
72755.7087695462249608038675930600511017533382132186981719423051
72818.8445430019779367141248548689383713005243936796486275430317
72923.5563238182731205187106467512478442663262916038775021029771
72924.1677251168715783730450697780480550774993782709467622268398
73036.3533858440156217794854206554629955229371246393015716557374
73049.5424443150458773601032863657786093427575571453563172857765
73123.5134885083012303524616398757774624860101082441698789186771
73126.9902395228452420241250149483574329758354542222232385852516
73147.0720621293937965593164648755366826316089434803548574035411
73204.7033297526611611884875373160728925049908927461001674713374
73235.5591361854321727481767404530471031359757279125369559992857
73295.3601798990334825962124188488378784264785774641781225375632
73326.9540660628181663887878145491769593029219560482200346876986
73330.2667514279606409114624217687420173375769113320055981581718
73431.5636691007490453367456193037437647057730557740506144076262
73481.8840680931308106058410188890564610428991372467819698861793
73495.2602669421463474066378579819672799549944228935864476743458
73516.7628720294049041417157066428334834351790157461879276778275
73576.5186293382171774981639328530870848978567404178074392844201
73688.576270377790927956757961817454715358858926702008377142593
73701.9161276082949884544571953158331043244102481530405111268339
73712.5873693488694168864450504867866377074345472220686455136901
73752.149435582349258604810316090096141113757819678778353260574
73762.0225533464737961038259688728091461124148779798034608962904
73776.2683442075068954255111932662146335129058961902970289736904
73872.8663583447181255259483454330419878667617487340501327379944
73928.258166192302304013742431178062745882877225253821578569838
74085.253926471172155150704393637518010103920382857938502942777
74168.9897996004099210869026444308879212368096756901768158712339
74193.1425368533105482016815183447756707518627354336141888335236
74242.1273137799915634440520039789096104945814505660622995705036
74259.6105448450339633923483794743089736882664174284851850045342
74289.0421383032994841369464835816056345809731182760744207757277
74302.6521792969813034107222161387783347772783195109936828582203
74305.1407587849662283934561798022038362205820746452934227100431
74415.0091444112491075127250133731252214118538231027899659875647
74459.7692033553276617393392378408148828631855297516742551989978
74519.4545145435399666178492342853189104395943769994600051746433
74564.3265784484220500123645988450910358122150521949460139859158
74583.0911572671365828371967574377407780049897469179186720452077
74676.7685345375680595736385398294876317261454040815491536266744
74719.0377827694461302666089309267802325725635404613501601663202
74785.9942437138034771199123835281223240166932451495609739953885
74845.5765831613854776731654626953540918389113503869996874257075
74912.4917865078751413486463666769872679463600791165723712292381
