371866693.97208333015441894531
371866694.67531752586364746094
371866697.89529186487197875977
371866698.54740405082702636719
371866700.76801621913909912109
371866701.75361377000808715820
371866704.17948424816131591797
371866704.54541474580764770508
371866707.71966350078582763672
371866708.46685886383056640625
371866709.11555153131484985352
371866710.85851246118545532227
371866711.92085421085357666016
371866713.07132244110107421875
371866713.91406309604644775391
371866714.71261596679687500000
371866716.54851198196411132812
371866716.81488853693008422852
371866717.55903434753417968750
371866721.08112436532974243164
371866721.33377659320831298828
371866722.59626096487045288086
371866722.65771079063415527344
371866726.41569793224334716797
371866726.65605384111404418945
371866730.81887251138687133789
371866731.65021783113479614258
371866732.27692472934722900391
371866735.58388686180114746094
371866736.15543007850646972656
371866738.25026583671569824219
371866739.66089731454849243164
371866744.56068593263626098633
371866744.81821012496948242188
371866745.26381164789199829102
371866747.78351479768753051758
371866749.79734826087951660156
371866750.40955507755279541016
371866753.01624870300292968750
371866755.11301213502883911133
371866756.50578528642654418945
371866758.26830273866653442383
371866760.37262570858001708984
371866763.63411879539489746094
371866763.97099763154983520508
371866765.91040879487991333008
371866767.36975228786468505859
371866769.05950146913528442383
371866770.21552360057830810547
371866770.99047815799713134766
371866771.71810400485992431641
371866777.92614322900772094727
371866781.84029728174209594727
371866782.47978830337524414062
371866783.21705222129821777344
371866784.86034572124481201172
371866785.29904627799987792969
371866785.85681205987930297852
371866791.27297282218933105469
371866795.77407455444335937500
371866796.85431659221649169922
371866798.33600103855133056641
371866799.44893640279769897461
371866799.71453273296356201172
371866804.59675031900405883789
371866804.92919117212295532227
371866806.41509681940078735352
371866809.96215105056762695312
371866810.23624736070632934570
371866813.33332335948944091797
371866814.34940606355667114258
371866815.92999404668807983398
371866817.64086598157882690430
371866820.38959145545959472656
371866822.52391350269317626953
371866823.90453273057937622070
371866824.26594156026840209961
371866824.56919515132904052734
371866825.83112168312072753906
371866831.21288347244262695312
371866831.91930818557739257812
371866838.05201148986816406250
371866840.41816294193267822266
371866840.74571025371551513672
371866844.74938261508941650391
371866844.98827743530273437500
371866854.88102918863296508789
371866859.34786343574523925781
371866859.34786343574523925781
371866860.42333966493606567383
371866861.58509576320648193359
371866861.87817102670669555664
371866862.26776659488677978516
371866862.86607801914215087891
371866864.31371712684631347656
371866866.39438843727111816406
371866867.44217038154602050781
371866868.61451411247253417969
371866868.83050173521041870117
371866872.44575911760330200195
371866873.13493674993515014648
371866873.45269447565078735352
371866875.47734844684600830078
371866876.18776702880859375000
371866879.82816863059997558594
371866880.47895425558090209961
371866882.47535198926925659180
371866884.35792791843414306641
371866886.02356398105621337891
371866887.82090938091278076172
371866888.59291857481002807617
371866893.06224381923675537109
371866894.39944988489151000977
371866894.83172678947448730469
371866901.55024760961532592773
371866903.26891648769378662109
371866904.03242427110671997070
371866904.61870253086090087891
371866904.93481969833374023438
371866905.34973794221878051758
371866905.71836024522781372070
371866907.28096461296081542969
371866907.36222594976425170898
371866907.84893125295639038086
371866908.91158413887023925781
371866910.96795213222503662109
371866912.44197070598602294922
371866914.13567680120468139648
371866919.09596329927444458008
371866919.43519258499145507812
371866922.51154160499572753906
371866922.85991096496582031250
371866925.52441728115081787109
371866925.77589845657348632812
371866932.05473470687866210938
371866933.09777784347534179688
371866934.11830729246139526367
371866934.91796827316284179688
371866935.30987381935119628906
371866936.05461996793746948242
371866936.30763596296310424805
371866938.74972963333129882812
371866939.43129670619964599609
371866940.09073024988174438477
371866944.68478089570999145508
371866949.57394248247146606445
371866950.22711187601089477539
371866954.59241640567779541016
371866955.14690184593200683594
371866956.63475900888442993164
371866956.85139250755310058594
371866968.82391875982284545898
371866969.23348605632781982422
371866973.24103915691375732422
371866970.37868434190750122070
371866971.06894016265869140625
371866973.10819762945175170898
371866974.89391529560089111328
371866975.90334481000900268555
371866978.20579111576080322266
371866978.26416003704071044922
371866980.88222861289978027344
371866981.95616400241851806641
371866983.71934270858764648438
371866983.96494257450103759766
371866984.30606937408447265625
371866990.35100638866424560547
371866991.33651351928710937500
371866994.81145215034484863281
371866995.55238759517669677734
371866996.50678348541259765625
371866998.55198502540588378906
371867002.96858388185501098633
371867003.32177805900573730469
371867004.34439623355865478516
371867006.52501499652862548828
371867007.84084153175354003906
371867010.07083249092102050781
371867012.60443735122680664062
371867012.67200803756713867188
371867014.20593833923339843750
371867016.74056708812713623047
371867017.08765208721160888672
371867016.47599530220031738281
371867017.57717943191528320312
371867018.02325558662414550781
371867023.12020885944366455078
371867026.18527543544769287109
371867026.50806295871734619141
371867030.65829330682754516602
371867031.05889445543289184570
371867031.34035080671310424805
371867033.87743461132049560547
371867037.29102802276611328125
371867045.09922450780868530273
371867045.70188921689987182617
371867047.43174844980239868164
371867049.64849281311035156250
371867052.20844787359237670898
371867052.48261976242065429688
371867055.65577089786529541016
371867056.00220632553100585938
371867057.72206848859786987305
371867059.07454299926757812500
371867061.00450730323791503906
371867061.35841113328933715820
371867064.51964026689529418945
371867065.43735867738723754883
371867066.52059680223464965820
371867067.95238077640533447266
371867073.19699233770370483398
371867073.54009664058685302734
371867076.33395189046859741211
371867077.75134724378585815430
371867079.87995481491088867188
371867080.26726502180099487305
371867080.57330060005187988281
371867085.73079335689544677734
371867088.95173716545104980469
371867090.06557238101959228516
371867090.35396832227706909180
371867090.78548264503479003906
371867093.16391241550445556641
371867093.91003817319869995117
371867094.60333412885665893555
371867096.72654020786285400391
371867101.93793463706970214844
371867103.67425101995468139648
371867104.68602192401885986328
371867105.14223891496658325195
371867106.99311846494674682617
371867107.26286613941192626953
371867111.05568546056747436523
371867117.40900051593780517578
371867119.25916606187820434570
371867120.49743723869323730469
371867120.92569315433502197266
371867124.49777477979660034180
371867125.88924074172973632812
371867126.25934076309204101562
371867126.95484745502471923828
371867127.92229485511779785156
371867128.24554002285003662109
371867131.08887135982513427734
371867131.39536553621292114258
371867134.29531830549240112305
371867134.64666199684143066406
371867139.82722347974777221680
371867140.20870167016983032227
371867140.57122498750686645508
371867142.12060552835464477539
371867143.09167391061782836914
371867154.03757917881011962891
371867157.07510966062545776367
371867157.32010853290557861328
371867159.89159166812896728516
371867161.38270962238311767578
371867161.68845272064208984375
371867167.86706668138504028320
371867170.49428004026412963867
371867170.81423163414001464844
371867181.03351521492004394531
371867181.33468943834304809570
371867184.48040735721588134766
371867185.83229887485504150391
371867187.66355460882186889648
371867188.05979382991790771484
371867188.36701345443725585938
371867191.41951721906661987305
371867191.85414689779281616211
371867195.25689965486526489258
371867195.66844546794891357422
371867196.43359386920928955078
371867200.37309890985488891602
371867201.68513184785842895508
371867202.03267413377761840820
371867202.36334192752838134766
371867205.97172999382019042969
371867213.60897350311279296875
371867216.22324407100677490234
371867216.53124260902404785156
371867216.86207050085067749023
371867221.62212055921554565430
371867222.42353850603103637695
371867230.09535670280456542969
371867230.33923679590225219727
371867230.83533298969268798828
371867232.72711533308029174805
371867232.82777768373489379883
371867235.44595134258270263672
371867237.77476125955581665039
371867239.28605759143829345703
371867240.96219575405120849609
371867244.18556571006774902344
371867244.97907572984695434570
371867249.06164503097534179688
371867251.88658577203750610352
371867252.61051243543624877930
371867262.80760967731475830078
371867265.56525611877441406250
371867271.29941117763519287109
371867275.73022067546844482422
371867276.63753014802932739258
371867276.70421695709228515625
371867277.12350332736968994141
371867277.48509645462036132812
371867278.32486706972122192383
371867278.61312526464462280273
371867278.98693710565567016602
371867280.70232188701629638672
371867285.17955970764160156250
371867288.75058376789093017578
371867291.33878123760223388672
371867291.57562923431396484375
371867293.21395695209503173828
371867294.70841658115386962891
371867296.86083275079727172852
371867297.24307578802108764648
371867299.62391805648803710938
371867304.07628208398818969727
371867305.23739504814147949219
371867306.39625662565231323242
371867306.96164214611053466797
371867308.11568790674209594727
371867309.85977929830551147461
371867310.53454583883285522461
371867311.12759929895401000977
371867311.85244631767272949219
371867312.19248640537261962891
371867314.11346113681793212891
371867316.85418474674224853516
371867321.65861666202545166016
371867322.08512866497039794922
371867325.37899982929229736328
371867327.36408597230911254883
371867327.86819821596145629883
371867327.95690381526947021484
371867331.16702073812484741211
371867335.90539908409118652344
371867335.92000949382781982422
371867338.93823176622390747070
371867339.94395482540130615234
371867340.72374933958053588867
371867341.94874590635299682617
371867342.94658827781677246094
371867343.83807718753814697266
371867344.96624875068664550781
371867347.01596415042877197266
371867352.77155065536499023438
371867354.78572475910186767578
371867357.55847489833831787109
371867360.45667505264282226562
371867363.49379408359527587891
371867364.64030689001083374023
371867366.30784749984741210938
371867367.01101851463317871094
371867371.68701457977294921875
371867374.78420758247375488281
371867375.09804010391235351562
371867381.16543567180633544922
371867385.22364968061447143555
-1.00000000000000000000
371867387.23287856578826904297
371867387.23287856578826904297
371867388.16279888153076171875
371867389.24614489078521728516
371867389.86256039142608642578
371867394.76039642095565795898
371867399.73634922504425048828
371867402.06118780374526977539
371867402.47599208354949951172
371867402.84581768512725830078
371867405.03708821535110473633
371867408.81797921657562255859
371867411.64538997411727905273
371867414.83762967586517333984
371867415.15967774391174316406
371867415.88199901580810546875
371867416.25564825534820556641
371867417.59922355413436889648
371867421.10279893875122070312
371867421.78416466712951660156
371867422.86440896987915039062
371867423.37704229354858398438
371867427.11594641208648681641
371867430.22384709119796752930
371867431.99849981069564819336
371867433.25263869762420654297
371867433.43165278434753417969
371867434.87044531106948852539
371867436.88872009515762329102
371867437.56210428476333618164
371867438.73152691125869750977
371867445.02473688125610351562
371867447.39019209146499633789
371867448.40600812435150146484
371867450.98186933994293212891
371867452.40948057174682617188
371867453.03713500499725341797
371867462.32869619131088256836
371867463.75409412384033203125
371867463.80744618177413940430
371867466.06024074554443359375
371867466.52001440525054931641
371867468.19035631418228149414
371867470.04089188575744628906
371867474.86834412813186645508
371867476.22512918710708618164
371867476.43573164939880371094
-1.00000000000000000000
371867482.84350353479385375977
371867483.93579494953155517578
371867487.18318051099777221680
371867488.11603617668151855469
371867488.93608760833740234375
371867491.05109810829162597656
371867492.30942285060882568359
371867493.78507071733474731445
371867494.77250659465789794922
371867496.28667920827865600586
371867497.03091621398925781250
371867497.37401342391967773438
371867505.38001585006713867188
371867506.81044161319732666016
371867508.25087362527847290039
371867509.61596953868865966797
371867510.29333651065826416016
371867510.57241457700729370117
371867511.53958928585052490234
371867511.76280611753463745117
371867511.90763974189758300781
371867513.13319545984268188477
371867514.18430656194686889648
371867517.62532496452331542969
371867521.50278580188751220703
371867521.85502034425735473633
371867525.41558074951171875000
371867528.88484418392181396484
371867533.21281194686889648438
371867534.50781273841857910156
371867534.82013034820556640625
371867535.94922053813934326172
371867539.72440254688262939453
371867542.30264532566070556641
371867545.76554459333419799805
371867548.95144766569137573242
371867550.31338953971862792969
371867551.39369100332260131836
371867553.53051096200942993164
371867554.53922671079635620117
371867555.35104209184646606445
371867556.96757286787033081055
371867557.28560417890548706055
371867557.95303910970687866211
371867558.78593611717224121094
371867559.81760716438293457031
371867560.24801474809646606445
371867562.25240665674209594727
371867566.08562266826629638672
371867569.99492466449737548828
371867571.08076834678649902344
371867571.44113940000534057617
371867572.17892003059387207031
371867573.41785699129104614258
371867573.79327249526977539062
371867574.53360223770141601562
371867576.27425777912139892578
371867583.67759072780609130859
371867584.70584428310394287109
371867585.67873120307922363281
371867587.55223196744918823242
371867587.95238393545150756836
371867591.41064339876174926758
371867592.01728439331054687500
371867592.75475633144378662109
371867595.32352393865585327148
371867601.58081293106079101562
371867602.85751545429229736328
371867604.47635459899902343750
371867606.52848362922668457031
371867606.90151607990264892578
371867607.89015007019042968750
371867612.80806881189346313477
371867613.98952108621597290039
371867618.35947644710540771484
371867620.07964748144149780273
371867620.81589353084564208984
371867623.10353600978851318359
371867625.44929867982864379883
371867627.57382154464721679688
371867628.23150289058685302734
371867631.04215544462203979492
371867633.21155184507369995117
371867633.63986539840698242188
371867634.28009176254272460938
371867636.31428515911102294922
371867637.36122024059295654297
371867644.41952633857727050781
371867645.22642910480499267578
371867647.22728919982910156250
-1.00000000000000000000
371867647.84139573574066162109
371867651.57799834012985229492
371867653.27885985374450683594
371867654.22317898273468017578
371867654.91756093502044677734
371867661.31285595893859863281
371867662.02047216892242431641
371867665.76736736297607421875
371867666.51532298326492309570
371867668.41929644346237182617
371867668.70273977518081665039
371867669.00820851325988769531
371867673.89430421590805053711
371867676.32029056549072265625
371867677.79717195034027099609
371867680.96803349256515502930
371867682.56600493192672729492
371867683.72226428985595703125
371867685.26381349563598632812
371867693.13458353281021118164
371867694.26324963569641113281
371867694.91502696275711059570
371867695.63894289731979370117
371867696.04578661918640136719
371867697.49000012874603271484
371867697.81711316108703613281
371867698.82639706134796142578
371867702.31004405021667480469
371867704.13948166370391845703
371867706.20134496688842773438
371867707.40146726369857788086
371867707.47278887033462524414
371867710.76662164926528930664
371867711.80642330646514892578
371867712.12057101726531982422
371867713.32404696941375732422
371867716.35332530736923217773
371867717.78390413522720336914
371867718.09145635366439819336
371867720.59862965345382690430
371867720.92038655281066894531
371867723.77203178405761718750
371867724.16468536853790283203
371867728.30830454826354980469
371867728.55163091421127319336
371867731.97410452365875244141
371867732.10928463935852050781
371867732.55565309524536132812
371867736.76801288127899169922
371867738.13968074321746826172
371867738.40202265977859497070
371867741.68789923191070556641
371867742.39780497550964355469
371867742.49715614318847656250
371867746.20059818029403686523
371867751.16070604324340820312
371867756.76290398836135864258
371867757.04460406303405761719
371867757.45491921901702880859
371867757.80915689468383789062
371867758.30214327573776245117
371867759.14876413345336914062
371867759.60547494888305664062
371867759.97255861759185791016
371867761.68652862310409545898
371867763.06955945491790771484
371867767.32402384281158447266
371867768.75910466909408569336
371867770.91789543628692626953
371867772.55069494247436523438
371867773.23363476991653442383
371867773.61657196283340454102
371867777.91211283206939697266
371867778.93589556217193603516
371867780.53282517194747924805
371867781.71451246738433837891
-1.00000000000000000000
371867787.35576963424682617188
371867792.15535742044448852539
371867795.09543401002883911133
371867795.49788480997085571289
371867803.06520307064056396484
371867805.33519148826599121094
371867805.61764955520629882812
371867811.51984918117523193359
371867812.20739370584487915039
371867812.95391166210174560547
371867817.54779398441314697266
371867817.86452567577362060547
371867818.20850116014480590820
371867820.22522205114364624023
371867822.78019928932189941406
371867823.84239155054092407227
371867832.64265590906143188477
371867833.39747077226638793945
371867837.86709654331207275391
371867838.11896938085556030273
371867838.53494870662689208984
371867839.70317751169204711914
371867841.78320360183715820312
371867845.68504309654235839844
371867846.96877110004425048828
371867848.05255448818206787109
371867848.35848581790924072266
371867851.93009817600250244141
371867852.65508079528808593750
371867854.24912858009338378906
371867862.48654955625534057617
371867863.13642454147338867188
371867865.94029772281646728516
371867866.97614526748657226562
371867867.93470478057861328125
371867868.56295955181121826172
371867868.65627789497375488281
371867872.58105325698852539062
371867874.02291321754455566406
371867879.42876422405242919922
371867879.66411030292510986328
371867882.45817852020263671875
371867882.67972004413604736328
371867883.12584704160690307617
371867886.00094914436340332031
371867889.41378754377365112305
371867892.73300898075103759766
371867892.85943305492401123047
371867896.86989176273345947266
371867897.91557228565216064453
371867898.60896235704421997070
371867900.30572289228439331055
371867901.76174265146255493164
371867903.95877540111541748047
371867907.76123309135437011719
371867908.16024744510650634766
371867909.83640360832214355469
371867911.18745356798171997070
371867912.22581261396408081055
371867914.11714458465576171875
371867921.06587803363800048828
371867924.82804805040359497070
371867926.72435301542282104492
371867927.36637878417968750000
371867928.70324677228927612305
371867929.41930639743804931641
371867930.56933611631393432617
371867930.96917885541915893555
371867931.28341352939605712891
371867932.73573029041290283203
371867938.57898211479187011719
371867939.71201574802398681641
371867942.23588120937347412109
371867942.89760857820510864258
371867944.88117277622222900391
371867945.24944722652435302734
371867946.63940155506134033203
371867950.00841337442398071289
371867950.32296800613403320312
371867951.18052011728286743164
371867956.44680249691009521484
371867959.06689155101776123047
371867959.80223292112350463867
371867960.05964148044586181641
371867962.21273970603942871094
371867963.87491476535797119141
371867964.44044494628906250000
371867973.71840137243270874023
371867975.41206824779510498047
371867978.24268746376037597656
371867980.35423648357391357422
371867980.72716104984283447266
371867981.51524895429611206055
371867982.47992217540740966797
371867983.50432229042053222656
371867988.89023357629776000977
371867989.24961727857589721680
371867989.30809324979782104492
371867990.92292046546936035156
371867994.36407703161239624023
371867994.85056614875793457031
371867996.95189905166625976562
371868002.81974554061889648438
371868004.31365168094635009766
371868004.71378630399703979492
371868005.72426789999008178711
371868006.16446900367736816406
371868006.33234030008316040039
371868009.18364679813385009766
371868009.90325176715850830078
371868010.95129418373107910156
371868012.47803461551666259766
371868016.30996412038803100586
371868018.94046556949615478516
371868019.65025711059570312500
371868023.15544408559799194336
371868023.51421099901199340820
371868027.01788526773452758789
371868029.21097290515899658203
371868037.56017649173736572266
371868037.99374014139175415039
371868038.29276067018508911133
371868037.46416819095611572266
371868040.16624200344085693359
371868042.55001628398895263672
371868046.67725789546966552734
371868050.76955676078796386719
371868050.89538460969924926758
371868052.47644340991973876953
371868053.42983669042587280273
371868053.69975340366363525391
371868054.11066710948944091797
371868055.35584145784378051758
371868055.42082321643829345703
371868060.11979460716247558594
371868060.80255126953125000000
371868062.92919290065765380859
371868066.31090712547302246094
371868067.49261176586151123047
371868068.16556763648986816406
371868069.64131462574005126953
371868072.99425256252288818359
371868074.26841354370117187500
371868074.86147868633270263672
371868075.96563708782196044922
371868077.28884857892990112305
371868081.50153017044067382812
371868082.54948383569717407227
371868083.22650659084320068359
371868083.58372324705123901367
371868085.84238749742507934570
371868086.79681009054183959961
371868089.25444722175598144531
371868089.95662927627563476562
371868093.00117802619934082031
371868095.00767463445663452148
371868095.08516943454742431641
371868099.73594868183135986328
371868100.21409171819686889648
371868100.75910770893096923828
371868100.75910776853561401367
371868104.07329094409942626953
371868108.56445258855819702148
371868109.23373651504516601562
371868111.31686675548553466797
371868113.94170790910720825195
371868114.21436202526092529297
371868114.57071959972381591797
371868114.93597340583801269531
371868115.93736374378204345703
371868117.63976395130157470703
371868128.80619889497756958008
371868130.81008160114288330078
371868130.95150506496429443359
371868131.40183973312377929688
371868132.05132341384887695312
371868132.83779990673065185547
371868135.21767199039459228516
371868135.51635372638702392578
371868137.34918856620788574219
371868142.63492763042449951172
371868145.02832394838333129883
371868147.76037502288818359375
371868148.27450072765350341797
371868149.34056913852691650391
371868149.71811670064926147461
371868155.60113328695297241211
371868155.95696318149566650391
371868157.65597361326217651367
371868159.57771146297454833984
371868160.98105382919311523438
371868163.26285994052886962891
371868163.55745732784271240234
371868165.83031606674194335938
371868168.24992346763610839844
371868171.39433920383453369141
371868172.17770200967788696289
371868173.49773728847503662109
371868173.78494077920913696289
371868174.88581967353820800781
371868176.42465341091156005859
371868177.47579723596572875977
371868178.12944310903549194336
371868179.41726148128509521484
371868184.84175002574920654297
371868185.15446299314498901367
371868188.01889777183532714844
371868188.38491970300674438477
371868194.68132793903350830078
371868195.29363054037094116211
371868204.46179318428039550781
371868205.12766706943511962891
371868208.92817735671997070312
371868209.25909680128097534180
371868211.80769693851470947266
371868212.14427089691162109375
371868212.49609875679016113281
371868215.62771397829055786133
371868216.84733682870864868164
371868216.95559096336364746094
371868223.08882647752761840820
371868225.36724698543548583984
371868225.75444114208221435547
371868226.85389244556427001953
371868228.56664961576461791992
371868232.83609652519226074219
371868236.29644715785980224609
371868238.31505084037780761719
371868239.18397235870361328125
371868240.31821870803833007812
371868243.07332187891006469727
371868244.07375633716583251953
371868245.47295069694519042969
371868250.85180562734603881836
371868254.71265929937362670898
371868254.82043659687042236328
371868255.59520196914672851562
371868256.41277003288269042969
371868258.53647106885910034180
371868258.86927568912506103516
371868259.54221594333648681641
371868260.54214417934417724609
371868264.07871711254119873047
371868264.69659698009490966797
371868269.06504905223846435547
371868271.06827020645141601562
371868273.20856404304504394531
371868274.65774750709533691406
371868275.40347808599472045898
371868283.39925050735473632812
371868284.32188880443572998047
371868284.82042026519775390625
371868285.24868279695510864258
371868285.49633574485778808594
371868286.90887022018432617188
371868288.59444844722747802734
371868293.29924046993255615234
371868293.35233342647552490234
371868298.20807778835296630859
371868299.11338150501251220703
371868299.52687489986419677734
371868300.55131310224533081055
371868303.42194664478302001953
371868304.93324887752532958984
371868306.89745581150054931641
371868309.38141602277755737305
371868313.60571444034576416016
371868314.30862152576446533203
371868314.73796153068542480469
371868317.76997214555740356445
371868319.54626262187957763672
371868320.64544129371643066406
371868321.39864093065261840820
371868325.23355114459991455078
371868327.99534237384796142578
371868328.32760703563690185547
371868332.45052659511566162109
371868335.35239911079406738281
371868335.57017123699188232422
371868336.78596436977386474609
371868337.44977879524230957031
371868340.00214123725891113281
371868345.83795803785324096680
371868346.11167180538177490234
371868348.41066122055053710938
371868348.71919798851013183594
371868349.48999083042144775391
371868352.21204352378845214844
371868352.93127185106277465820
371868356.82771569490432739258
371868357.48797190189361572266
371868357.74806374311447143555
371868363.06829822063446044922
371868364.50090980529785156250
371868366.26791357994079589844
371868370.40967798233032226562
371868372.57476377487182617188
371868373.55672061443328857422
371868376.20783770084381103516
371868376.80476081371307373047
371868379.28644686937332153320
371868379.54969656467437744141
371868385.59727865457534790039
371868385.84914410114288330078
371868390.47252500057220458984
371868391.82121032476425170898
371868394.05648994445800781250
371868394.41174912452697753906
371868395.63803172111511230469
371868399.60116839408874511719
371868403.18909549713134765625
371868409.03092068433761596680
371868409.29684752225875854492
371868409.75156879425048828125
371868410.14508509635925292969
371868410.93729084730148315430
371868411.26275604963302612305
371868411.53185814619064331055
371868411.80000376701354980469
371868412.97851502895355224609
371868419.25403934717178344727
371868419.58065742254257202148
371868422.48162233829498291016
-1.00000000000000000000
371868423.76268029212951660156
371868426.28090345859527587891
371868427.31483459472656250000
371868428.40092235803604125977
371868429.94082731008529663086
371868430.27013820409774780273
371868434.05925822257995605469
371868435.09022456407546997070
371868435.70572417974472045898
371868435.99387258291244506836
371868437.83970731496810913086
371868439.66840827465057373047
371868440.44475138187408447266
371868440.71977233886718750000
371868443.84838342666625976562
371868444.18925541639328002930
371868447.75581187009811401367
371868450.20215618610382080078
371868454.36164355278015136719
371868454.71867704391479492188
371868454.97479468584060668945
371868456.92117476463317871094
371868458.96175658702850341797
371868463.17849218845367431641
371868463.47986871004104614258
371868464.21275031566619873047
371868466.70897912979125976562
371868467.71305793523788452148
371868468.85077536106109619141
371868469.24382984638214111328
371868471.23989379405975341797
371868472.21496868133544921875
371868473.12723392248153686523
371868479.94880193471908569336
371868482.77799922227859497070
371868483.13911026716232299805
371868485.39167779684066772461
371868485.63930565118789672852
371868489.80591428279876708984
371868490.53374505043029785156
371868492.68165874481201171875
371868493.75641053915023803711
371868499.20556449890136718750
371868500.00846147537231445312
371868502.57049417495727539062
371868503.20126748085021972656
371868504.64812040328979492188
371868505.64523828029632568359
371868506.34849232435226440430
371868506.67058169841766357422
371868510.17447555065155029297
371868510.94385194778442382812
371868513.80607551336288452148
371868515.55948543548583984375
371868516.88328123092651367188
371868518.26249444484710693359
371868518.56688469648361206055
371868520.41288083791732788086
371868520.82342720031738281250
371868521.19480609893798828125
371868530.57582956552505493164
371868531.33059161901473999023
371868531.63994497060775756836
371868535.06917774677276611328
371868539.43216508626937866211
371868545.56762361526489257812
371868545.93552744388580322266
371868546.28110909461975097656
371868547.78972768783569335938
371868552.67631649971008300781
371868559.82544773817062377930
371868560.49047476053237915039
371868561.97684776782989501953
371868563.55597376823425292969
371868563.88563656806945800781
371868564.57081323862075805664
371868565.35522198677062988281
371868566.93628597259521484375
371868569.82550871372222900391
371868575.17198628187179565430
371868580.35785973072052001953
371868580.76834523677825927734
371868581.36681216955184936523
371868583.60352826118469238281
371868583.94455099105834960938
371868587.71023505926132202148
371868590.59196394681930541992
371868590.94215357303619384766
371868594.16621208190917968750
371868594.55197602510452270508
371868598.33409690856933593750
371868600.04290312528610229492
371868601.89022129774093627930
371868602.55527931451797485352
371868605.02500802278518676758
371868608.15686810016632080078
371868608.39336323738098144531
371868609.88661992549896240234
371868611.05532729625701904297
371868611.40434354543685913086
371868614.49275338649749755859
371868614.81659322977066040039
371868615.17868673801422119141
371868618.99004024267196655273
371868621.19152384996414184570
371868624.63007307052612304688
371868625.88046729564666748047
371868625.93587321043014526367
371868627.12390089035034179688
371868628.98846423625946044922
371868629.61036902666091918945
371868630.99303996562957763672
371868631.68706971406936645508
371868632.01107680797576904297
371868632.28942000865936279297
371868635.08192938566207885742
371868636.56380605697631835938
371868640.49307709932327270508
371868641.22338718175888061523
371868644.48007339239120483398
371868644.53431475162506103516
371868647.18152314424514770508
371868654.11373025178909301758
371868654.49776792526245117188
371868655.52079367637634277344
371868656.32575350999832153320
371868657.45039814710617065430
371868661.09764260053634643555
371868663.96062183380126953125
371868668.22868651151657104492
371868669.33786064386367797852
371868670.62981277704238891602
371868671.00379323959350585938
371868671.65512293577194213867
371868674.88118630647659301758
371868675.94101107120513916016
371868678.66761577129364013672
371868680.17950659990310668945
371868681.86438596248626708984
371868684.04028761386871337891
371868685.77089715003967285156
371868690.13570469617843627930
371868690.61561137437820434570
371868692.81472122669219970703
371868700.14706933498382568359
371868700.48247802257537841797
371868703.68641412258148193359
371868704.43570989370346069336
371868706.98380893468856811523
371868709.67282819747924804688
371868709.95170229673385620117
371868711.13137114048004150391
371868712.69045805931091308594
371868716.63842195272445678711
371868717.98542273044586181641
371868720.89974397420883178711
371868722.65414088964462280273
371868730.69942474365234375000
371868731.07750928401947021484
371868731.68706876039505004883
371868732.43516248464584350586
371868734.51513516902923583984
371868736.30855637788772583008
371868737.74695914983749389648
371868738.08673501014709472656
371868738.82961761951446533203
371868738.89603495597839355469
371868739.56607168912887573242
371868744.67384982109069824219
371868744.39908421039581298828
371868746.91684406995773315430
371868748.29240262508392333984
371868752.37094199657440185547
371868752.78883111476898193359
371868759.62510156631469726562
371868759.75025951862335205078
371868763.63679349422454833984
371868765.49458563327789306641
371868766.25210833549499511719
371868766.54698032140731811523
371868768.23355627059936523438
371868770.29974496364593505859
371868773.57994508743286132812
371868775.68671667575836181641
371868780.08608621358871459961
371868778.72082048654556274414
371868780.52977514266967773438
371868781.20688605308532714844
371868781.55439674854278564453
371868782.70150512456893920898
371868783.36349248886108398438
371868785.15040087699890136719
371868786.84387087821960449219
371868793.59742784500122070312
371868795.34619110822677612305
371868798.06577837467193603516
371868800.21370053291320800781
371868800.97283256053924560547
371868801.36501681804656982422
371868802.03616726398468017578
371868805.48396641016006469727
371868807.21891140937805175781
371868809.32778120040893554688
371868811.95713740587234497070
371868814.87081849575042724609
371868815.60162413120269775391
371868817.47429162263870239258
371868818.79908710718154907227
371868819.53057861328125000000
371868825.80897080898284912109
371868826.14178526401519775391
371868826.51623624563217163086
371868829.13327032327651977539
371868829.25672763586044311523
371868836.71205961704254150391
371868837.81768763065338134766
371868838.41436642408370971680
371868838.80477976799011230469
371868839.55282628536224365234
371868842.96604537963867187500
371868845.14384162425994873047
371868846.32912802696228027344
371868848.35578823089599609375
371868850.32143890857696533203
371868851.47716659307479858398
371868853.91945970058441162109
371868856.52278995513916015625
371868859.58656978607177734375
371868861.98692893981933593750
371868862.34315562248229980469
371868863.77567100524902343750
371868864.14104056358337402344
371868869.72971230745315551758
371868872.41616594791412353516
371868875.04051476716995239258
371868875.82893043756484985352
371868876.07838314771652221680
371868878.15080332756042480469
371868878.49646925926208496094
371868883.14998102188110351562
371868886.23098760843276977539
371868888.88795000314712524414
371868889.32409071922302246094
371868889.71616178750991821289
371868890.08831524848937988281
371868891.54674124717712402344
371868892.55928277969360351562
371868894.23940467834472656250
371868895.05187124013900756836
371868896.71669423580169677734
371868898.17768061161041259766
371868900.59325665235519409180
371868902.11022126674652099609
371868903.53996443748474121094
371868903.78862184286117553711
371868904.47535854578018188477
371868906.56091141700744628906
371868906.94535470008850097656
371868907.56233566999435424805
371868911.17061185836791992188
371868912.43514996767044067383
371868914.73703157901763916016
371868916.42066210508346557617
371868919.95326018333435058594
371868922.10807663202285766602
371868926.56965136528015136719
371868927.71687436103820800781
371868931.90010756254196166992
371868935.35033261775970458984
371868935.63236975669860839844
371868935.96688550710678100586
371868936.89947903156280517578
371868937.94907069206237792969
371868939.95062595605850219727
371868940.98206579685211181641
371868950.87449657917022705078
371868951.09286963939666748047
371868951.87952303886413574219
371868952.10257607698440551758
371868957.18300032615661621094
371868961.37658518552780151367
371868963.08819550275802612305
371868966.08204364776611328125
371868966.30545341968536376953
371868966.64538872241973876953
371868970.42645823955535888672
371868971.53067004680633544922
371868973.68207573890686035156
371868975.39744102954864501953
371868975.71689140796661376953
371868976.55384588241577148438
371868976.85696923732757568359
371868980.30112373828887939453
371868980.93826276063919067383
371868983.14125096797943115234
371868984.29881101846694946289
371868986.61573231220245361328
371868987.62886631488800048828
371868995.45324218273162841797
371868996.91530895233154296875
371868997.04696291685104370117
371868998.90728282928466796875
371868999.46805202960968017578
371869000.10577851533889770508
371869001.04733753204345703125
371869006.90219658613204956055
371869007.29219627380371093750
371869009.06068766117095947266
371869011.63412743806838989258
371869011.96744561195373535156
371869015.74615478515625000000
371869018.96759068965911865234
371869025.95787328481674194336
371869026.26250648498535156250
371869028.15776860713958740234
371869028.77905356884002685547
371869032.60405218601226806641
371869033.25263220071792602539
371869036.14682853221893310547
371869036.90001142024993896484
371869040.38057482242584228516
371869041.72529292106628417969
371869043.41247248649597167969
371869044.83123862743377685547
371869046.74501550197601318359
371869047.08773303031921386719
371869047.43555676937103271484
371869049.39019322395324707031
371869053.83446890115737915039
371869053.92556875944137573242
371869057.63136625289916992188
371869060.71072953939437866211
371869061.06845188140869140625
371869061.31107568740844726562
371869063.53192299604415893555
371869063.91413986682891845703
371869065.27157020568847656250
371869066.38152766227722167969
371869071.22119331359863281250
371869074.16688710451126098633
371869075.15374612808227539062
371869078.03266608715057373047
371869078.14860218763351440430
371869080.30084365606307983398
371869082.55581581592559814453
371869086.04926633834838867188
371869086.40626031160354614258
371869087.75045210123062133789
371869088.68696677684783935547
371869091.68221068382263183594
371869091.53102529048919677734
371869092.21618103981018066406
371869096.52505266666412353516
371869100.37828087806701660156
371869106.98585724830627441406
371869107.28707116842269897461
371869107.69163477420806884766
371869108.82670712471008300781
371869109.20071709156036376953
371869110.36120724678039550781
371869116.18219387531280517578
371869116.51636040210723876953
371869120.85498428344726562500
371869121.57257950305938720703
371869122.59592980146408081055
371869123.05351322889328002930
371869124.15041923522949218750
371869128.48374962806701660156
371869132.36277031898498535156
371869135.23938775062561035156
371869135.37800455093383789062
371869135.77593415975570678711
371869137.38970810174942016602
371869138.42387115955352783203
371869139.33115899562835693359
371869141.78681689500808715820
371869142.80618172883987426758
371869150.29099231958389282227
371869151.18334448337554931641
371869152.34777367115020751953
371869153.35872966051101684570
371869155.87089991569519042969
371869158.26991170644760131836
371869158.65211451053619384766
371869159.00834941864013671875
371869161.44694328308105468750
371869162.52247333526611328125
371869166.15763366222381591797
371869169.86998653411865234375
371869170.60334807634353637695
371869171.28875505924224853516
371869172.51106953620910644531
371869172.76170748472213745117
371869173.07820570468902587891
371869176.94433319568634033203
371869180.42570376396179199219
371869183.34806853532791137695
371869183.71679103374481201172
371869184.31304669380187988281
371869189.26914739608764648438
371869192.11693024635314941406
371869192.50344586372375488281
371869193.41864216327667236328
371869194.83993953466415405273
371869197.23276931047439575195
371869197.58344328403472900391
371869197.89127767086029052734
371869199.77980214357376098633
371869200.46904110908508300781
371869202.24549698829650878906
371869211.82488954067230224609
371869211.95349156856536865234
371869215.54560887813568115234
371869215.88324028253555297852
371869216.19590801000595092773
371869217.63882368803024291992
371869218.77792394161224365234
371869224.90001410245895385742
371869230.67454290390014648438
371869232.01429104804992675781
371869232.68310606479644775391
371869233.09927356243133544922
371869233.60562109947204589844
371869238.76528632640838623047
371869242.23721760511398315430
371869246.13560581207275390625
371869246.48827606439590454102
371869247.22661864757537841797
371869252.70719522237777709961
371869254.60466545820236206055
371869258.13504731655120849609
371869261.45493459701538085938
371869261.81492894887924194336
371869263.75949573516845703125
371869265.43894952535629272461
371869271.54165923595428466797
371869272.88845086097717285156
371869275.62865149974822998047
371869277.95003062486648559570
371869279.37908393144607543945
371869281.57559460401535034180
371869283.07846903800964355469
371869284.67077040672302246094
371869285.84311354160308837891
371869286.14342784881591796875
371869292.22101432085037231445
371869292.34410262107849121094
371869292.84114378690719604492
371869295.24313259124755859375
371869295.47341054677963256836
371869299.22846847772598266602
371869300.54477971792221069336
371869303.63645303249359130859
371869307.17202454805374145508
371869307.87548208236694335938
371869308.63300251960754394531
371869309.32011759281158447266
371869309.80006361007690429688
371869310.01342016458511352539
371869312.81374406814575195312
371869313.38820379972457885742
371869323.60309094190597534180
371869327.95535516738891601562
371869328.32027721405029296875
371869328.96348923444747924805
371869329.97112935781478881836
371869330.32224917411804199219
371869337.05059158802032470703
371869338.86883467435836791992
371869342.26665508747100830078
371869342.59641528129577636719
371869343.72270065546035766602
371869352.59429562091827392578
-1.00000000000000000000
371869353.09347546100616455078
371869354.99318623542785644531
371869356.71789526939392089844
371869357.72817313671112060547
371869358.07330942153930664062
371869359.74723374843597412109
371869360.58697438240051269531
371869361.22498679161071777344
371869361.46400260925292968750
371869362.29167991876602172852
371869366.99088513851165771484
371869368.62281835079193115234
371869368.87584710121154785156
371869370.35497319698333740234
371869372.15607064962387084961
371869372.86092340946197509766
371869373.23649674654006958008
371869376.70326220989227294922
371869381.50284737348556518555
371869381.55633151531219482422
371869382.76825428009033203125
371869383.11114829778671264648
371869383.49300420284271240234
371869386.87598800659179687500
371869387.48455685377120971680
371869390.40765744447708129883
371869390.40765750408172607422
371869392.61627739667892456055
371869393.55741423368453979492
371869394.61987292766571044922
371869397.37328386306762695312
371869397.76221466064453125000
371869401.30060404539108276367
371869402.41836518049240112305
371869403.41524779796600341797
371869403.72965800762176513672
371869403.95436751842498779297
371869409.36239486932754516602
371869412.22712647914886474609
371869414.63465350866317749023
371869415.63376986980438232422
371869416.28044009208679199219
371869417.86540257930755615234
371869418.18961054086685180664
371869421.28868347406387329102
371869423.39632725715637207031
371869429.76808065176010131836
371869433.16058045625686645508
371869441.40755158662796020508
371869443.41232740879058837891
371869444.10755020380020141602
371869446.24229788780212402344
371869446.62582373619079589844
371869453.60851961374282836914
371869454.00566494464874267578
371869454.66385936737060546875
371869455.27856814861297607422
371869457.16557008028030395508
371869461.93563753366470336914
371869463.46443426609039306641
371869464.19171047210693359375
371869465.20939469337463378906
371869467.86563384532928466797
371869469.41070795059204101562
371869470.44632941484451293945
371869471.47343659400939941406
371869476.11571002006530761719
371869476.44756317138671875000
371869478.14466160535812377930
371869478.40319818258285522461
371869479.21058386564254760742
371869479.54784142971038818359
371869480.28674972057342529297
371869481.07287222146987915039
371869482.41474139690399169922
371869488.34056448936462402344
371869489.74899405241012573242
371869492.03138685226440429688
371869492.95174545049667358398
371869494.27027118206024169922
371869498.91244506835937500000
371869501.04649174213409423828
371869506.24628186225891113281
371869506.54175186157226562500
371869506.84994077682495117188
371869509.20522677898406982422
371869509.31703466176986694336
371869511.54720795154571533203
371869513.60019820928573608398
371869513.89728903770446777344
371869520.33300215005874633789
371869523.41152155399322509766
371869524.09359610080718994141
371869527.07106912136077880859
371869527.38469016551971435547
371869527.68390154838562011719
371869530.46161526441574096680
371869533.57581633329391479492
371869533.86304169893264770508
371869535.09353131055831909180
371869537.86584985256195068359
371869541.00855892896652221680
371869541.32140117883682250977
371869542.06264829635620117188
371869543.86567711830139160156
371869544.55219358205795288086
371869552.00280016660690307617
371869552.26329475641250610352
371869552.94507586956024169922
371869554.37218910455703735352
371869554.80819368362426757812
371869555.09773701429367065430
371869563.16816508769989013672
371869564.86856186389923095703
371869567.08634942770004272461
371869568.30331194400787353516
371869570.41770756244659423828
371869571.44497126340866088867
371869571.97873151302337646484
371869573.37581008672714233398
371869574.04074335098266601562
371869574.41083222627639770508
371869576.45734035968780517578
371869579.58164334297180175781
371869582.46828567981719970703
371869587.62250703573226928711
371869588.52294999361038208008
371869589.47659230232238769531
371869589.92484354972839355469
371869590.92462915182113647461
371869592.26734519004821777344
371869596.45897078514099121094
371869597.51636874675750732422
371869601.13818573951721191406
371869604.16048574447631835938
371869604.44745343923568725586
371869607.36342567205429077148
371869608.43404740095138549805
371869608.78805404901504516602
371869610.12965869903564453125
371869614.69405817985534667969
371869615.71526563167572021484
371869617.59050834178924560547
371869618.38487213850021362305
371869619.03302460908889770508
371869623.78170752525329589844
371869625.36030882596969604492
371869629.22459220886230468750
371869630.44651710987091064453
371869632.29800200462341308594
371869633.29847264289855957031
371869633.62531888484954833984
371869635.50673162937164306641
371869636.21465325355529785156
371869637.95034414529800415039
371869638.60837036371231079102
371869638.95912003517150878906
371869643.10863244533538818359
371869644.72481954097747802734
371869648.17076969146728515625
371869649.12319588661193847656
371869649.85177493095397949219
371869650.50349408388137817383
371869650.88514685630798339844
371869653.39582759141921997070
371869655.52442425489425659180
371869656.07691973447799682617
371869661.40645635128021240234
371869663.20239508152008056641
371869663.58732438087463378906
371869664.28191947937011718750
371869664.98365360498428344727
371869667.71577656269073486328
371869669.12331503629684448242
371869671.63046038150787353516
371869671.99115431308746337891
371869673.01348555088043212891
371869677.57481044530868530273
371869678.19029951095581054688
371869678.58244842290878295898
371869681.10280299186706542969
371869685.57425296306610107422
371869686.26289653778076171875
371869686.80453240871429443359
371869687.06943273544311523438
371869688.02643442153930664062
371869691.75726693868637084961
371869694.43738400936126708984
371869696.85952204465866088867
371869699.43589293956756591797
371869699.77505344152450561523
371869701.05109977722167968750
371869706.75524997711181640625
371869708.92108905315399169922
371869710.24691659212112426758
371869714.06344056129455566406
371869716.23606681823730468750
371869720.05624580383300781250
371869721.15609347820281982422
371869724.24655109643936157227
371869724.56047230958938598633
371869726.05566716194152832031
371869726.44767510890960693359
371869726.74945247173309326172
371869728.86123371124267578125
371869733.06050366163253784180
371869735.87107098102569580078
371869736.89986056089401245117
371869737.64873588085174560547
371869737.99040293693542480469
371869738.34349107742309570312
371869742.87668347358703613281
371869745.03337502479553222656
371869745.36642658710479736328
371869747.75763922929763793945
371869748.14513671398162841797
371869752.32736790180206298828
371869754.89513182640075683594
371869756.56118214130401611328
371869757.67569899559020996094
371869758.62108498811721801758
371869758.91576677560806274414
-1.00000000000000000000
371869761.96435362100601196289
371869763.30648738145828247070
371869765.36781716346740722656
371869768.45411312580108642578
371869769.46143329143524169922
371869770.96408689022064208984
371869775.44899654388427734375
371869773.53645300865173339844
371869773.81002461910247802734
371869775.63871407508850097656
371869775.74045771360397338867
371869779.03063291311264038086
371869787.45301890373229980469
371869787.80860924720764160156
371869788.06670188903808593750
371869789.16544604301452636719
371869789.63554286956787109375
371869790.05318641662597656250
371869794.14805078506469726562
371869797.66847890615463256836
371869800.54835838079452514648
371869803.55764532089233398438
371869807.18145626783370971680
371869808.55658495426177978516
371869808.96377062797546386719
371869810.64171886444091796875
371869812.12717670202255249023
371869814.58164113759994506836
371869818.04278069734573364258
371869819.11257958412170410156
371869822.82405316829681396484
371869824.02747917175292968750
371869825.43097376823425292969
371869828.97352266311645507812
371869829.95532107353210449219
371869832.66369545459747314453
371869833.82543736696243286133
371869835.65560352802276611328
371869835.96106064319610595703
371869836.35422861576080322266
371869842.52402228116989135742
371869844.04828912019729614258
371869846.86055707931518554688
371869847.96356797218322753906
371869849.71215093135833740234
371869850.43037110567092895508
371869850.30922967195510864258
371869850.61211884021759033203
371869851.74565911293029785156
371869853.51029086112976074219
371869855.24344658851623535156
371869856.28396564722061157227
371869860.81974089145660400391
371869864.12009364366531372070
371869864.37034690380096435547
371869866.11067378520965576172
371869868.22700357437133789062
371869868.85569489002227783203
371869870.34606128931045532227
371869870.79044467210769653320
371869877.32779181003570556641
371869878.75949919223785400391
371869880.18683326244354248047
371869881.28647482395172119141
371869882.99034976959228515625
371869884.01775109767913818359
371869884.69151932001113891602
371869885.00614452362060546875
371869893.93341523408889770508
371869896.23904514312744140625
371869896.63113605976104736328
371869898.51392531394958496094
371869898.81549566984176635742
371869899.36942136287689208984
371869900.19721043109893798828
371869900.80526006221771240234
371869902.98282682895660400391
371869909.03205555677413940430
371869909.73353743553161621094
371869910.44115602970123291016
371869912.43578505516052246094
371869913.85334277153015136719
371869914.19103777408599853516
371869915.67942214012145996094
371869917.03710883855819702148
371869917.39850884675979614258
371869921.63564682006835937500
371869923.17423009872436523438
371869923.67228925228118896484
371869925.82423412799835205078
371869926.18291217088699340820
371869928.63010525703430175781
371869930.70562887191772460938
371869931.03649342060089111328
371869939.83476155996322631836
371869941.91848951578140258789
371869944.47146522998809814453
371869946.49150806665420532227
371869949.68543851375579833984
371869950.01841837167739868164
371869958.37288451194763183594
371869960.32932031154632568359
371869960.18203473091125488281
371869960.95688098669052124023
371869961.64704447984695434570
371869965.82043653726577758789
371869969.27527064085006713867
371869969.64433956146240234375
371869970.41939741373062133789
371869972.95033824443817138672
371869973.60648733377456665039
371869976.66534656286239624023
371869978.43091523647308349609
371869979.52998518943786621094
371869980.32904934883117675781
371869982.30257940292358398438
371869984.16320264339447021484
371869986.46637547016143798828
371869986.83900254964828491211
371869990.08099585771560668945
371869990.42353487014770507812
371869993.88131237030029296875
371869994.20180183649063110352
371869999.54832851886749267578
371870004.01921015977859497070
371870005.34429794549942016602
371870006.57263040542602539062
371870006.92106437683105468750
371870010.72138434648513793945
371870014.59432405233383178711
371870015.73032677173614501953
371870021.34487980604171752930
371870020.60358613729476928711
371870021.18887460231781005859
371870021.60610729455947875977
371870024.84865856170654296875
371870031.48620623350143432617
371870033.18898630142211914062
371870033.49605792760848999023
371870034.66730177402496337891
371870035.00353443622589111328
371870035.42010658979415893555
371870035.75345689058303833008
371870036.86095011234283447266
371870039.89736688137054443359
371870040.21601200103759765625
371870043.81528532505035400391
371870049.68748104572296142578
371870050.24207061529159545898
371870051.09537106752395629883
371870054.07724475860595703125
371870054.91482234001159667969
371870059.90631520748138427734
371870062.11764448881149291992
371870063.84553807973861694336
371870068.24625754356384277344
371870068.62110745906829833984
371870070.47892105579376220703
371870071.24773812294006347656
371870071.52922451496124267578
371870078.47788220643997192383
371870081.45557409524917602539
371870084.48089951276779174805
371870085.50318092107772827148
371870086.93247061967849731445
371870090.17343735694885253906
371870091.81506741046905517578
371870095.13194537162780761719
371870095.35319536924362182617
371870097.90729522705078125000
371870098.61398696899414062500
371870102.31209743022918701172
-1.00000000000000000000
371870109.70508104562759399414
371870116.25064390897750854492
371870117.18404996395111083984
371870118.56016409397125244141
371870120.93836140632629394531
371870121.72731435298919677734
371870122.73581784963607788086
371870123.79072344303131103516
371870124.54624903202056884766
371870126.02620428800582885742
371870130.82585549354553222656
371870131.05610436201095581055
371870131.50744265317916870117
371870132.96589899063110351562
371870134.01986801624298095703
371870135.25278794765472412109
371870135.29609864950180053711
371870140.65423560142517089844
371870141.71184068918228149414
371870143.87880945205688476562
371870144.24492013454437255859
371870144.65159529447555541992
371870145.98123800754547119141
371870146.55375087261199951172
371870149.06831204891204833984
371870151.95056641101837158203
371870152.98144638538360595703
371870153.25119221210479736328
371870159.17279297113418579102
371870161.12814885377883911133
371870161.81226456165313720703
371870164.28518748283386230469
371870165.20239496231079101562
371870165.50468158721923828125
371870172.30901718139648437500
371870175.08095157146453857422
371870177.14323627948760986328
371870178.95730364322662353516
371870179.35645222663879394531
371870180.09896266460418701172
371870184.25952857732772827148
371870185.17825466394424438477
371870189.90414047241210937500
371870190.54904633760452270508
371870191.01151239871978759766
371870191.13033568859100341797
371870193.77475285530090332031
371870194.25037854909896850586
371870195.41306078433990478516
371870196.15923941135406494141
371870203.17772972583770751953
371870203.83702814579010009766
