371866709.11555147171020507812
371866739.66047561168670654297
371866744.64462262392044067383
371866758.26830279827117919922
371866785.81904417276382446289
371866858.99051868915557861328
371866868.72532850503921508789
371866887.82090938091278076172
371866903.26891648769378662109
371866939.43129670619964599609
371866955.02256929874420166016
371866956.63475906848907470703
371866969.94749569892883300781
371866995.95613765716552734375
371867017.51009941101074218750
371867023.22097229957580566406
371867031.28367185592651367188
371867045.62139761447906494141
371867047.21200567483901977539
371867052.48261976242065429688
371867073.19699233770370483398
371867090.43354576826095581055
371867252.41612815856933593750
371867291.57562923431396484375
371867307.48593723773956298828
371867310.53454577922821044922
371867316.85418474674224853516
371867374.78420758247375488281
371867368.10539340972900390625
371867387.26995432376861572266
371867415.15967768430709838867
371867415.38581717014312744141
371867422.91570007801055908203
371867437.30295377969741821289
371867466.27193677425384521484
371867478.50824338197708129883
371867510.29203218221664428711
371867511.56554341316223144531
371867536.11628377437591552734
371867545.76554465293884277344
371867574.52942860126495361328
-1.00000000000000000000
371867647.41250854730606079102
371867695.85432058572769165039
371867743.63263082504272460938
371867756.81223309040069580078
371867759.00970315933227539062
371867761.68652856349945068359
371867784.89684468507766723633
371867813.47739112377166748047
-1.00000000000000000000
-1.00000000000000000000
371867898.61202716827392578125
371867908.15484911203384399414
-1.00000000000000000000
371867975.18508982658386230469
371867978.10073047876358032227
371867994.59684669971466064453
371868004.71605777740478515625
371868023.41238951683044433594
371868039.88940197229385375977
371868067.13234388828277587891
371868074.13836985826492309570
371868086.79681003093719482422
371868089.24848127365112304688
371868089.95662921667098999023
371868100.30855762958526611328
371868108.56445258855819702148
371868115.93736374378204345703
371868147.00426447391510009766
371868168.24992346763610839844
371868184.84174996614456176758
371868238.09993302822113037109
371868239.18535149097442626953
371868284.17098885774612426758
371868285.64606654644012451172
371868317.76659113168716430664
371868332.32987695932388305664
371868357.48797190189361572266
371868410.52585458755493164062
-1.00000000000000000000
371868444.17041879892349243164
371868472.97785347700119018555
371868482.77536165714263916016
371868516.88328129053115844727
371868521.47406643629074096680
371868530.57582950592041015625
371868561.97684782743453979492
371868594.13669383525848388672
371868594.55323541164398193359
371868628.99114334583282470703
371868675.52337199449539184570
371868706.52597230672836303711
371868730.28786891698837280273
371868745.43978857994079589844
371868778.26835525035858154297
371868800.19935637712478637695
371868825.50379270315170288086
371868869.72971224784851074219
371868886.23098760843276977539
371868888.88795000314712524414
371868889.91167831420898437500
371868906.94535464048385620117
371868912.43515002727508544922
371868938.61942863464355468750
371868999.10159111022949218750
371869006.89933717250823974609
371869026.28433728218078613281
371869033.28881251811981201172
371869036.14682853221893310547
371869063.53192305564880371094
371869092.12420487403869628906
371869123.21655696630477905273
371869128.48374968767166137695
371869194.83993947505950927734
-1.00000000000000000000
371869233.30585896968841552734
371869242.23721760511398315430
-1.00000000000000000000
371869343.72468066215515136719
371869352.69737720489501953125
371869381.50968909263610839844
371869390.89147961139678955078
371869393.55741417407989501953
371869443.40131092071533203125
371869470.44632947444915771484
371869492.59341901540756225586
371869527.07258820533752441406
371869530.34945297241210937500
371869545.05881136655807495117
371869552.42050516605377197266
371869571.71677011251449584961
371869588.20905947685241699219
371869653.51658898591995239258
371869685.88004410266876220703
371869687.06943279504776000977
371869706.75524997711181640625
371869735.87107098102569580078
371869759.28357368707656860352
371869773.10652899742126464844
371869790.88455218076705932617
371869814.33937400579452514648
371869818.04468077421188354492
371869833.82543736696243286133
371869842.52131968736648559570
371869849.80337667465209960938
371869864.37034690380096435547
371869899.28289473056793212891
371869909.49685752391815185547
371869945.45080292224884033203
371869949.68543851375579833984
-1.00000000000000000000
-1.00000000000000000000
371870036.86095005273818969727
371870050.05463594198226928711
371870054.44108456373214721680
371870095.23472750186920166016
371870109.57715463638305664062
371870118.56016409397125244141
371870194.02433913946151733398
