3.71866709116315184133897986082492501172063853208488234278991978512
3.71866739649335489884648476442079256431426415052383909193790413944
3.71866744746061624867256087462856156482206490281971880396245774985
3.71866758267599985953015963433877712344618635318926267135305587589
3.71866785487474898346415313716704574398616764659082905693573361503
3.71866858804599468424711705959732233865111889209617249877119784343
3.71866887817865714791864039286263561278537912673082738757053161849
3.71866903268461051888434013431583574827733703144523384061367313496
3.71866939430754147740455742140339203839149525720650170839042449576
3.71866956633334411508017928545628268829907949432083749329099193826
3.71866969976291037864248030828792022458993628636568389037696503643
3.71866995956867679585787064071052449219849681154699095487170979814
3.71867031169558657247334228940539803311562842504005619412183763118
3.71867047029736387497365475143945339589609632002321093791698665267
3.71867052482957775368799188636048095666472289177212234184911535547
3.71867073199225700721466482873882563195365590643187740169465682297
3.71867090577580795635720250211173740929173028702992609587402082752
3.71867291574957630449908696592030508105242833602412000998015312989
3.7186731053537769454407131377582840010847256335393995762270533388
3.71867316847339663580250510032482058491052666087058753880306990857
3.71867374783660367489254440483339091091220875465364256754622600641
3.7186738545767384921612412786079470337469134503240996094085294907
3.71867415153814738747842733132343254958041746960453250231095639023
3.7186741586193430891491633859068175700007776180363252907761507443
3.71867422883765936766331353992597005527001365960291189729809467142
3.71867437089635502280450590097071133217036423889168815936360018917
3.71867545764131321378635220453899034028609494339154733268481708305
3.7186758772300959619790279286007478533680041731098578402242105045
3.71867742397271335409239205331549077571200965112335250437146975494
3.71867756581084204200241381343524494505837816403430565510596176716
3.71867761687164210167468475739286603908574906787639501610353501361
3.71867784676686147365301929256479009613640781423616680962898135726
3.71867868283574856987420125428266115907311541992719865196679277347
3.71867882988077689229106893501383051835086313020621740209811622735
3.71867898606341474519036722382046895115969354075814607471923176596
3.71867908163519787872963518862446766035098577445797146427758842469
3.71867964265957097946467727202003298164532092162972884308223715624
3.71867975149770165073526842936927305550772944678408438906062185915
3.71868068006512280001078415914830172326670153863341464556867115197
3.71868086797919350950388034739262106942193922853402722196767983669
3.71868089954430827045029092458590674696604091444940302999063627062
3.71868108566414636875695980594051237114651760323866148291041232789
3.71868115936909672360129768794909354464858696774273139047516995196
3.71868168250750203722292909837425759718836463038934236959038900212
3.71868238116945049003849929407945443019630522725653328838021111712
3.71868284109848315083078105036044131994468257393577105241695989316
3.71868357480361228132941218089303950163118461944163155341892000447
3.71868411556079387412114999286264934159693950466234745197694187857
3.71868423702755271554834050239187831362834764008706351394686885309
3.71868444207357951696976058849723924251170829388083977776504451485
3.71868516883153951509635841109523275857996626958333408696366123323
3.71868520564943807440723018052799656610953555416450876799784067677
3.7186853057733489375700082781935956683162719632123604974257132631
3.71868561314503354771461289654885770234195501342360052263893523528
3.71868594123383505800191898569930234389127102700643933820383211353
3.71868675576472057447535419355055269905169961773504702406564796556
3.71868706270356711394447660420340933512771970776254942365906309641
3.71868731570654943774481787712101397575820243924694273460525977271
3.71868745290596183373083195418818272902885990963656235884303169269
3.71868800194277188669236463192177570804880319535977750070408545164
3.71868826358387117497921728154795280031612535191282219185381193194
3.7186886972532395090278353159476755305623625638146203977892371604
3.71868886231535229489684038145089249261003298566179916719109606969
3.71868888887949923964522383417359314117299339650007963999943629163
3.71868889190064765447410140163765250535363466784263110977809704702
3.71868906945290649015088285146081668622561115378317307772106045679
3.71868937490340625048257463384838701966552003629717694118290833857
3.71869026116115410415197109505745904621285607730782976238101964096
3.71869033338016715796547251115064787985463140205536514383844728407
3.71869036145455472420039630378344811344826896330800905804995484039
3.71869063531955564784717318593129092547500394675329010782153088073
3.71869122671908353809279962322140051864997943991311590552471302128
3.71869128483999797111663317250794178181940543259191635329663460229
3.71869194840058958508267783580931344849459132903966590491151278197
3.71869218363112234724360626632657090046852827283107363190868622086
3.71869242235468373468318441295865116471716525583915227522211436127
3.71869342441054833112088969280416617673705981407434399315715086932
3.71869393557288615996457055094068484487550071063281596953207566557
3.71869470445965957705803836348249263227935026793981490871025422083
3.71869492716946136492362973350068088873067195444884772981640293434
3.71869552043440568487860558429991101079463519777583023567729597773
3.71869687070686399199945056540439802165150913746595154576507954656
3.71869706755250081955393811935608205538567019071400290413870917386
3.71869735871654949203023787929322949003864997512271175129583548524
3.718697732690868293568721801668694178209135298198159344166699379
3.71869789236971631538182015406399591183914988507367933536395498461
3.71869833823050936091066455702938812003031856242424683331547874621
3.7186986437049197794804165538978054438762893410167833745048733463
3.71869944654941975923798151090157536026747449259082199379954256917
3.71869949686292972272323589421675693812253348037231697200992330963
3.7186995899351342928821712017853182317123276677445071886841211194
3.71870019721624605984211670270211497410296659480696451365307491339
3.71870036860950028861702351814891878692950081825527170720447481653
3.71870050097353014009659333725002984890133029457411448649598094138
3.71870118554978550842298537038571126789731957425714933508139654273
3.71870193854246620284140617217852338926886391751674274210338903188
