371866970.26957261562347412109
371866995.78114116191864013672
371867416.10294419527053833008
371867423.07823145389556884766
371867743.25051486492156982422
371867868.28353667259216308594
371867964.08223235607147216797
371867974.95792520046234130859
371868237.89157205820083618164
371868283.93491792678833007812
371868411.74153840541839599609
371868423.70272397994995117188
371868444.02093029022216796875
371868594.29949271678924560547
371868675.84019398689270019531
371868937.69057929515838623047
371869033.11441874504089355469
371869218.55720162391662597656
371869552.04346936941146850586
371869789.44441437721252441406
371870036.86095011234283447266
371870049.89847308397293090820
371870193.85426026582717895508
