371866709.11631518602371215820
371866739.64933550357818603516
371866744.74606162309646606445
371866758.26759999990463256836
371866785.48747491836547851562
371866858.80459946393966674805
371866887.81786566972732543945
371866903.26846104860305786133
371866939.43075412511825561523
371866956.63333439826965332031
371866969.97629106044769287109
371866995.95686769485473632812
371867031.16955864429473876953
371867047.02973639965057373047
371867052.48295778036117553711
371867073.19922572374343872070
371867090.57758080959320068359
371867291.57495760917663574219
371867310.53537774085998535156
371867316.84733963012695312500
371867374.78366035223007202148
371867385.45767384767532348633
371867415.15381473302841186523
371867415.86193430423736572266
371867422.88376593589782714844
371867437.08963549137115478516
371867545.76413130760192871094
371867587.72300958633422851562
371867742.39727133512496948242
371867756.58108419179916381836
371867761.68716424703598022461
371867784.67668616771697998047
371867868.28357487916946411133
371867882.98807764053344726562
371867898.60634148120880126953
371867908.16351979970932006836
371867964.26595711708068847656
371867975.14977014064788818359
371868068.00651228427886962891
371868086.79791933298110961914
371868089.95443081855773925781
371868108.56641465425491333008
371868115.93690967559814453125
371868168.25075024366378784180
371868238.11694502830505371094
371868284.10984832048416137695
371868357.48036122322082519531
371868411.55607938766479492188
371868423.70275527238845825195
371868444.20735794305801391602
371868516.88315397500991821289
371868520.56494379043579101562
371868530.57733488082885742188
371868561.31450337171554565430
371868594.12338352203369140625
371868675.57647204399108886719
371868706.27035671472549438477
371868731.57065492868423461914
371868745.29059618711471557617
371868800.19427716732025146484
371868826.35838711261749267578
371868869.72532391548156738281
371868886.23153519630432128906
371868888.88794988393783569336
371868889.19006478786468505859
371868906.94529062509536743164
371868937.49034065008163452148
371869026.11611539125442504883
371869033.33801668882369995117
371869036.14545547962188720703
371869063.53195554018020629883
371869122.67190837860107421875
371869128.48399978876113891602
371869194.84005892276763916016
371869218.36311221122741699219
371869242.23546832799911499023
371869342.44105488061904907227
371869393.55728864669799804688
371869470.44596594572067260742
371869492.71694612503051757812
371869552.04344058036804199219
371869687.07068639993667602539
371869706.75525003671646118164
371869735.87165492773056030273
371869773.26908683776855468750
371869789.23697167634963989258
371869833.82305091619491577148
371869864.37049198150634765625
371869944.65494197607040405273
371869949.68629300594329833984
371869958.99351346492767333984
371870019.72162461280822753906
371870036.86095005273818969727
371870050.09735304117202758789
371870118.55497854948043823242
371870193.85424661636352539062
