999990003
999990005
999990013
999990016
999990021
999990024
999990032
999990033
999990041
999990043
999990045
999990051
999990054
999990056
999990060
999990062
999990066
999990068
999990069
999990079
999990081
999990084
999990085
999990094
999990096
999990108
999990109
999990112
999990120
999990122
999990129
999990133
999990146
999990147
999990149
999990155
999990162
999990164
999990170
999990176
999990181
999990186
999990192
999990200
999990201
999990208
999990212
999990217
999990219
999990221
999990223
999990242
999990252
999990255
999990256
999990262
999990263
999990264
999990279
999990293
999990296
999990299
999990302
999990303
999990318
999990319
999990322
999990332
999990333
999990343
999990346
999990349
999990354
999990363
999990368
999990373
999990374
999990375
999990377
999990394
999990396
999990412
999990420
999990421
999990431
999990432
999990460
999990473
999990474
999990477
999990479
999990480
999990481
999990484
999990487
999990494
999990497
999990500
999990501
999990510
999990512
999990513
999990520
999990522
999990531
999990533
999990540
999990544
999990550
999990555
999990556
999990570
999990574
999990575
999990593
999990599
999990600
999990603
999990604
999990605
999990606
999990609
999990610
999990611
999990614
999990621
999990624
999990630
999990643
999990644
999990654
999990655
999990661
999990662
999990681
999990684
999990687
999990688
999990689
999990691
999990692
999990699
999990702
999990704
999990717
999990731
999990733
999990745
999990746
999990751
999990752
999990786
999990787
999990788
999990789
999990791
999990798
999990802
999990806
999990812
999990813
999990819
999990822
999990827
999990829
999990830
999990846
999990850
999990860
999990862
999990863
999990869
999990883
999990884
999990887
999990892
999990897
999990902
999990910
999990911
999990915
999990921
999990922
999990923
999990924
999990926
999990941
999990948
999990949
999990962
999990963
999990964
999990970
999990981
999991003
999991004
999991009
999991016
999991022
999991023
999991032
999991033
999991039
999991043
999991047
999991048
999991057
999991061
999991064
999991067
999991082
999991084
999991092
999991096
999991101
999991102
999991103
999991119
999991128
999991130
999991131
999991132
999991140
999991142
999991144
999991149
999991165
999991170
999991173
999991174
999991178
999991179
999991191
999991209
999991213
999991218
999991219
999991228
999991232
999991233
999991235
999991239
999991240
999991248
999991249
999991256
999991257
999991273
999991274
999991275
999991278
999991281
999991312
999991322
999991323
999991330
999991333
999991334
999991353
999991359
999991360
999991389
999991390
999991400
999991404
999991408
999991409
999991410
999991420
999991421
999991431
999991432
999991433
999991444
999991449
999991450
999991451
999991460
999991483
999991489
999991490
999991491
999991506
999991507
999991530
999991531
999991532
999991536
999991537
999991544
999991552
999991555
999991561
999991569
999991571
999991584
999991592
999991593
999991622
999991631
999991646
999991660
999991662
999991663
999991664
999991665
999991666
999991667
999991668
999991673
999991687
999991697
999991703
999991705
999991710
999991714
999991719
999991720
999991728
999991741
999991744
999991746
999991749
999991751
999991756
999991758
999991761
999991763
999991764
999991768
999991777
999991791
999991792
999991800
999991807
999991808
999991809
999991818
999991830
999991831
999991840
999991843
999991845
999991847
999991850
999991854
999991856
999991863
999991878
999991884
999991893
999991900
999991910
999991912
999991918
999991920
999991932
999991942
999991943
999991959
999991972
999991973
999991976
999991977
999991979
999991982
999991985
999991999
999992012
999992020
999992021
999992022
999992027
999992039
999992047
999992055
999992057
999992058
999992059
999992064
999992074
999992076
999992078
999992079
999992090
999992100
999992105
999992107
999992108
999992112
999992119
999992120
999992123
999992141
999992149
999992152
999992158
999992162
999992165
999992190
999992195
999992196
999992202
999992203
999992207
999992212
999992226
999992231
999992232
999992236
999992250
999992253
999992261
999992265
999992266
999992272
999992277
999992281
999992284
999992287
999992289
999992290
999992314
999992317
999992321
999992325
999992328
999992329
999992331
999992332
999992333
999992335
999992338
999992349
999992360
999992361
999992370
999992381
999992392
999992397
999992398
999992400
999992412
999992418
999992429
999992437
999992442
999992444
999992450
999992454
999992455
999992461
999992462
999992464
999992465
999992468
999992469
999992476
999992487
999992497
999992500
999992501
999992503
999992508
999992509
999992511
999992516
999992537
999992540
999992543
999992547
999992548
999992558
999992561
999992563
999992569
999992588
999992592
999992595
999992601
999992602
999992606
999992620
999992622
999992636
999992641
999992643
999992648
999992656
999992661
999992664
999992672
999992677
999992678
999992680
999992687
999992690
999992710
999992711
999992718
999992719
999992720
999992729
999992734
999992738
999992740
999992757
999992759
999992771
999992773
999992777
999992778
999992779
999992794
999992801
999992804
999992813
999992819
999992822
999992825
999992849
999992852
999992854
999992855
999992856
999992860
999992861
999992865
999992875
999992879
999992886
999992888
999992889
999992899
999992902
999992903
999992905
999992915
999992919
999992920
999992927
999992928
999992935
999992936
999992949
999992950
999992958
999992959
999992960
999992972
999992977
999992978
999992986
999992988
999992990
999993000
999993013
999993030
999993031
999993032
999993033
999993035
999993036
999993037
999993038
999993043
999993048
999993059
999993063
999993069
999993075
999993077
999993078
999993089
999993092
999993098
999993100
999993110
999993116
999993131
999993138
999993139
999993162
999993167
999993168
999993186
999993188
999993190
999993202
999993203
999993205
999993211
999993217
999993220
999993245
999993247
999993261
999993262
999993263
999993265
999993271
999993282
999993287
999993290
999993291
999993300
999993302
999993308
999993330
999993333
999993341
999993344
999993346
999993347
999993348
999993360
999993364
999993378
999993379
999993388
999993389
999993390
999993397
999993408
999993417
999993418
999993428
999993431
999993434
999993439
999993443
999993448
999993459
999993460
999993466
999993470
999993473
999993477
999993498
999993509
999993513
999993516
999993520
999993522
999993524
999993525
999993526
999993530
999993548
999993550
999993557
999993559
999993566
999993567
999993571
999993579
999993580
999993584
999993599
999993605
999993607
999993608
999993614
999993620
999993621
999993648
999993652
999993659
999993667
999993668
999993669
999993673
999993676
999993690
999993691
999993692
999993697
999993706
999993707
999993713
999993731
999993734
999993735
999993738
999993739
999993741
999993749
999993751
999993754
999993757
999993768
999993777
999993779
999993788
999993789
999993800
999993806
999993830
999993831
999993832
999993835
999993836
999993844
999993856
999993866
999993867
999993871
999993875
999993876
999993877
999993880
999993881
999993893
999993896
999993901
999993912
999993914
999993915
999993920
999993931
999993934
999993935
999993938
999993943
999993955
999993958
999993960
999993961
999993966
999993969
999993977
999993979
999993988
999993992
999993993
999994007
999994008
999994009
999994010
999994018
999994031
999994034
999994040
999994046
999994047
999994048
999994049
999994053
999994058
999994090
999994094
999994095
999994096
999994099
999994100
999994108
999994109
999994114
999994128
999994136
999994142
999994144
999994147
999994148
999994166
999994167
999994172
999994176
999994180
999994188
999994189
999994194
999994201
999994211
999994212
999994217
999994218
999994221
999994224
999994227
999994229
999994234
999994248
999994249
999994257
999994258
999994276
999994278
999994304
999994306
999994318
999994319
999994325
999994326
999994327
999994337
999994339
999994340
999994357
999994365
999994366
999994369
999994374
999994386
999994396
999994401
999994403
999994406
999994414
999994418
999994422
999994436
999994448
999994449
999994451
999994452
999994458
999994459
999994461
999994465
999994475
999994477
999994488
999994495
999994501
999994504
999994506
999994530
999994532
999994533
999994534
999994535
999994540
999994545
999994557
999994558
999994571
999994575
999994576
999994579
999994586
999994590
999994597
999994604
999994615
999994617
999994618
999994628
999994633
999994635
999994637
999994648
999994657
999994658
999994668
999994678
999994679
999994681
999994684
999994690
999994708
999994709
999994714
999994715
999994717
999994726
999994727
999994738
999994741
999994742
999994757
999994761
999994765
999994778
999994784
999994787
999994793
999994795
999994802
999994804
999994820
999994822
999994835
999994839
999994844
999994845
999994848
999994861
999994870
999994888
999994889
999994890
999994891
999994892
999994893
999994894
999994895
999994898
999994917
999994918
999994925
999994928
999994929
999994937
999994940
999994943
999994946
999994947
999994958
999994961
999994964
999994965
999994970
999994974
999994976
999994977
999994987
999994988
999994997
999995004
999995017
999995018
999995019
999995023
999995029
999995041
999995043
999995045
999995051
999995055
999995057
999995058
999995065
999995068
999995070
999995090
999995098
999995099
999995104
999995105
999995118
999995120
999995125
999995128
999995145
999995147
999995153
999995155
999995159
999995163
999995165
999995166
999995176
999995177
999995185
999995190
999995195
999995199
999995200
999995204
999995205
999995206
999995233
999995235
999995236
999995247
999995258
999995277
999995278
999995279
999995282
999995297
999995316
999995318
999995322
999995328
999995329
999995331
999995332
999995336
999995346
999995360
999995376
999995377
999995379
999995384
999995385
999995397
999995405
999995406
999995414
999995415
999995427
999995432
999995436
999995438
999995445
999995455
999995456
999995460
999995462
999995463
999995472
999995474
999995475
999995486
999995491
999995502
999995505
999995506
999995509
999995513
999995515
999995519
999995522
999995523
999995524
999995532
999995536
999995546
999995548
999995558
999995559
999995565
999995586
999995587
999995590
999995591
999995594
999995606
999995614
999995625
999995628
999995633
999995634
999995636
999995646
999995647
999995656
999995659
999995665
999995670
999995675
999995689
999995690
999995695
999995717
999995718
999995726
999995728
999995735
999995743
999995745
999995747
999995753
999995764
999995768
999995775
999995780
999995803
999995804
999995805
999995809
999995815
999995820
999995823
999995824
999995826
999995827
999995828
999995844
999995846
999995849
999995853
999995866
999995867
999995885
999995886
999995898
999995902
999995904
999995905
999995911
999995917
999995925
999995931
999995938
999995941
999995946
999995948
999995949
999995951
999995953
999995958
999995964
999995982
999995987
999995996
999996002
999996003
999996004
999996006
999996016
999996022
999996028
999996034
999996044
999996046
999996050
999996055
999996056
999996075
999996076
999996077
999996083
999996084
999996106
999996108
999996111
999996112
999996113
999996124
999996130
999996132
999996138
999996145
999996147
999996155
999996161
999996170
999996178
999996179
999996182
999996183
999996200
999996208
999996214
999996216
999996217
999996224
999996225
999996237
999996246
999996254
999996256
999996257
999996258
999996261
999996264
999996270
999996271
999996277
999996280
999996288
999996291
999996295
999996296
999996299
999996305
999996306
999996308
999996317
999996321
999996327
999996333
999996342
999996348
999996362
999996364
999996376
999996387
999996388
999996389
999996392
999996393
999996399
999996403
999996430
999996432
999996434
999996435
999996448
999996460
999996466
999996473
999996474
999996475
999996487
999996490
999996495
999996501
999996502
999996503
999996504
999996515
999996517
999996522
999996525
999996533
999996536
999996557
999996562
999996563
999996568
999996569
999996570
999996573
999996591
999996592
999996597
999996603
999996604
999996616
999996624
999996645
999996646
999996650
999996652
999996664
999996666
999996674
999996675
999996685
999996690
999996695
999996699
999996703
999996704
999996705
999996712
999996724
999996725
999996734
999996744
999996745
999996746
999996751
999996752
999996757
999996759
999996774
999996781
999996784
999996793
999996794
999996800
999996805
999996815
999996816
999996821
999996824
999996831
999996832
999996833
999996846
999996857
999996876
999996877
999996878
999996880
999996881
999996884
999996902
999996903
999996914
999996916
999996920
999996921
999996925
999996936
999996947
999996956
999996957
999996958
999996961
999996964
999996968
999996975
999996978
999996998
999997002
999997005
999997008
999997014
999997022
999997023
999997024
999997031
999997034
999997043
999997055
999997057
999997059
999997061
999997062
999997063
999997074
999997085
999997092
999997093
999997095
999997109
999997117
999997118
999997122
999997125
999997133
999997134
999997135
999997139
999997141
999997146
999997173
999997174
999997185
999997186
999997187
999997192
999997193
999997212
999997227
999997232
999997234
999997235
999997236
999997250
999997261
999997271
999997272
999997274
999997291
999997295
999997305
999997316
999997317
999997321
999997326
999997345
999997347
999997355
999997363
999997367
999997372
999997376
999997382
999997384
999997385
999997402
999997403
999997404
999997412
999997413
999997422
999997426
999997436
999997446
999997448
999997449
999997451
999997452
999997453
999997461
999997464
999997493
999997504
999997505
999997507
999997511
999997512
999997530
999997535
999997546
999997547
999997549
999997575
999997576
999997577
999997581
999997586
999997590
999997591
999997596
999997597
999997600
999997601
999997603
999997615
999997621
999997622
999997626
999997630
999997632
999997633
999997644
999997657
999997658
999997660
999997661
999997662
999997673
999997675
999997682
999997683
999997688
999997692
999997694
999997703
999997704
999997713
999997716
999997719
999997721
999997722
999997736
999997744
999997751
999997755
999997757
999997760
999997761
999997771
999997777
999997794
999997805
999997827
999997834
999997836
999997841
999997842
999997862
999997863
999997865
999997868
999997872
999997887
999997890
999997892
999997895
999997904
999997907
999997911
999997914
999997926
999997927
999997933
999997934
999997936
999997937
999997938
999997940
999997944
999997962
999997966
999997973
999997974
999997979
999997991
999997997
999998013
999998014
999998015
999998020
999998021
999998027
999998034
999998035
999998052
999998062
999998064
999998071
999998072
999998073
999998082
999998091
999998092
999998094
999998102
999998112
999998113
999998115
999998119
999998122
999998143
999998144
999998146
999998149
999998150
999998151
999998174
999998180
999998185
999998190
999998196
999998198
999998199
999998203
999998205
999998206
999998213
999998222
999998229
999998245
999998247
999998249
999998250
999998253
999998258
999998270
999998273
999998282
999998292
999998293
999998301
999998303
999998304
999998309
999998322
999998325
999998329
999998331
999998333
999998348
999998351
999998362
999998367
999998372
999998375
999998376
999998380
999998382
999998387
999998390
999998391
999998403
999998406
999998416
999998420
999998422
999998424
999998425
999998431
999998437
999998440
999998455
999998459
999998460
999998462
999998464
999998473
999998477
999998483
999998484
999998488
999998501
999998503
999998504
999998510
999998524
999998525
999998526
999998527
999998531
999998540
999998549
999998556
999998562
999998563
999998568
999998584
999998589
999998593
999998605
999998610
999998622
999998624
999998634
999998635
999998638
999998639
999998640
999998646
999998659
999998666
999998670
999998671
999998672
999998673
999998687
999998692
999998693
999998701
999998702
999998714
999998720
999998726
999998728
999998732
999998733
999998734
999998740
999998744
999998750
999998760
999998763
999998767
999998772
999998773
999998774
999998780
999998781
999998790
999998814
999998815
999998816
999998818
999998819
999998820
999998833
999998842
999998850
999998860
999998869
999998873
999998874
999998880
999998883
999998891
999998900
999998903
999998915
999998917
999998921
999998931
999998935
999998943
999998946
999998950
999998951
999998952
999998971
999998974
999998982
999998985
999998991
999998992
999998993
999998994
999998996
999999001
999999006
999999010
999999023
999999031
999999032
999999038
999999044
999999046
999999049
999999050
999999070
999999074
999999077
999999080
999999085
999999089
999999091
999999092
999999116
999999124
999999125
999999129
999999131
999999132
999999134
999999137
999999143
999999160
999999161
999999163
999999170
999999174
999999175
999999178
999999182
999999183
999999195
999999201
999999202
999999207
999999208
999999215
999999222
999999223
999999248
999999254
999999260
999999267
999999275
999999277
999999301
999999303
999999306
999999307
999999309
999999322
999999332
999999333
999999334
999999341
999999343
999999353
999999358
999999360
999999362
999999369
999999373
999999381
999999382
999999390
999999391
999999402
999999403
999999417
999999431
999999435
999999437
999999438
999999450
999999461
999999463
999999474
999999478
999999480
999999481
999999489
999999509
999999514
999999515
999999517
999999518
999999519
999999520
999999524
999999533
999999534
999999543
999999561
999999562
999999565
999999572
999999573
999999590
999999595
999999600
999999614
999999615
999999619
999999621
999999622
999999643
999999650
999999660
999999663
999999667
999999675
999999681
999999690
999999691
999999697
999999699
999999711
999999730
999999731
999999749
999999752
999999757
999999764
999999765
999999769
999999772
999999773
999999777
999999792
999999793
999999794
999999797
999999800
999999803
999999804
999999820
999999823
999999828
999999829
999999830
999999834
999999837
999999844
999999851
999999854
999999856
999999873
999999877
999999879
999999886
999999890
999999891
999999909
999999918
999999924
999999928
999999929
999999931
999999943
999999947
999999959
999999961
999999962
999999963
999999971
999999972
999999976
999999977
999999997
1000000000
