999990045
999990133
999990146
999990186
999990264
999990473
999990555
999990599
999990702
999990751
999990788
999990863
999990964
999991009
999991023
999991082
999991131
999991705
999991758
999991777
999991942
999991973
999992057
999992058
999992078
999992120
999992429
999992547
999992990
999993030
999993043
999993110
999993346
999993390
999993434
999993460
999993621
999993652
999993915
999993969
999993979
999994031
999994053
999994201
999994401
999994532
999994741
999994894
999994928
999994988
999995195
999995204
999995233
999995322
999995414
999995646
999995735
999995805
999995846
999996002
999996077
999996200
999996246
999996254
999996256
999996306
999996392
999996646
999996666
999996674
999996751
999996921
999996936
999997125
999997192
999997261
999997547
999997692
999997911
999997973
999998144
999998527
999998584
999998666
999998772
999998818
999998946
999999032
999999260
999999275
999999303
999999474
999999524
999999562
999999757
999999972
