999900264
999900311
999900328
999900398
999900476
999900525
999900790
999900809
999900834
999900862
999900965
999901108
999901241
999901535
999901821
999902155
999902160
999902207
999902331
999902398
999902553
999902646
999902854
999902988
999902995
999903034
999903267
999903392
999903468
999903526
999903777
999903834
999903835
999903877
999903901
999903957
999904126
999904404
999904430
999904502
999904534
999904536
999904544
999904628
999904762
999905122
999905185
999905258
999905343
999905361
999905381
999905590
999905692
999905818
999905870
999905923
999906257
999906274
999906490
999906502
999906780
999906845
999907199
999907210
999907346
999907444
999907551
999907662
999907893
999907951
999908033
999908114
999908134
999908184
999908331
999908420
999908738
999909049
999909058
999909206
999909223
999909260
999909489
999909579
999910447
999910494
999910551
999910553
999910681
999910751
999910906
999911070
999911549
999911623
999911647
999911805
999911822
999911863
999911995
999912274
999912313
999912438
999912450
999912650
999912892
999912937
999913052
999913093
999913150
999913152
999913237
999913334
999913364
999913426
999913714
999913775
999913886
999913996
999914205
999914245
999914399
999914516
999914574
999914630
999914631
999914650
999914701
999914824
999915052
999915065
999915391
999915710
999915887
999915922
999915950
999915962
999916001
999916020
999916192
999916463
999916511
999916619
999916669
999916722
999916979
999917074
999917235
999917307
999917624
999917720
999917742
999917778
999918098
999918266
999918441
999918539
999918578
999918831
999918899
999918902
999918929
999919015
999919228
999919536
999919550
999919635
999920167
999920204
999920333
999920479
999920654
999920693
999920789
999920794
999920832
999921051
999921107
999921135
999921278
999921623
999921713
999921765
999921915
999921932
999922005
999922069
999922096
999922157
999922291
999922546
999922760
999922934
999923136
999923283
999923578
999923602
999923612
999923632
999923738
999923762
999923792
999923993
999924094
999924147
999924168
999924260
999924408
999924409
999924722
999924774
999924810
999924882
999924893
999924921
999925121
999925238
999925418
999925656
999925806
999925901
999926080
999926246
999926289
999926436
999926548
999926579
999926606
999926708
999926948
999927092
999927307
999927327
999927408
999927535
999927640
999927821
999928059
999928154
999928250
999928356
999928364
999928638
999928677
999928727
999928775
999928886
999929151
999929244
999929733
999929782
999929795
999930285
999930447
999930532
999930812
999931021
999931035
999931245
999931278
999931298
999931375
999931445
999931499
999931509
999931555
999931590
999931699
999931851
999931864
999931949
999931972
999931999
999932044
999932179
999932235
999932439
999932440
999932491
999932544
999932581
999932872
999933044
999933153
999933163
999933333
999933362
999933449
999933539
999933632
999933758
999933869
999933911
999934108
999934110
999934146
999934168
999934204
999934358
999934506
999934550
999934691
999934924
999934948
999935159
999935303
999935335
999935436
999935466
999935690
999935747
999935790
999935858
999935925
999935965
999936022
999936282
999936345
999936386
999936489
999936579
999936690
999936806
999936848
999937023
999937035
999937194
999937520
999937545
999937678
999938056
999938237
999938350
999938774
999938926
999939011
999939262
999939303
999939510
999939635
999939991
999940027
999940239
999940301
999940558
999940646
999940813
999940903
999940909
999941215
999941320
999941348
999941607
999941709
999941919
999942015
999942096
999942258
999942273
999942347
999942409
999942751
999942799
999943039
999943106
999943303
999943309
999943389
999943419
999943466
999943775
999943776
999943831
999943848
999944007
999944008
999944135
999944171
999944186
999944476
999945107
999945207
999945321
999945385
999945467
999945633
999945794
999945832
999945891
999945972
999946016
999946224
999946332
999946388
999946433
999946530
999946591
999946610
999946861
999946926
999946945
999946954
999947180
999947313
999947702
999947713
999947974
999948132
999948200
999948293
999948364
999948443
999948463
999948594
999948632
999948806
999948911
999948930
999949063
999949120
999949206
999949380
999949419
999949421
999949738
999949792
999949828
999949962
999949971
999950110
999950179
999950221
999950303
999950306
999950365
999950533
999950534
999950537
999950590
999950747
999950824
999951060
999951199
999951367
999951379
999951638
999951650
999951656
999951769
999951805
999952087
999952387
999952648
999952687
999952706
999952815
999952838
999952842
999953089
999953175
999953404
999953656
999953843
999953894
999954104
999954149
999954151
999954188
999954316
999954379
999954437
999954493
999954619
999954772
999954782
999954809
999954864
999955005
999955031
999955104
999955260
999955371
999955425
999955604
999955651
999956087
999956098
999956235
999956291
999956463
999956531
999956545
999956556
999956578
999956651
999956661
999956841
999956844
999956973
999957015
999957048
999957226
999957507
999957605
999957784
999957820
999957950
999958050
999958308
999958310
999958518
999958528
999958619
999958779
999958831
999958986
999959026
999959188
999959347
999959361
999959459
999959531
999959756
999959789
999959849
999959888
999959906
999959930
999960029
999960373
999960456
999960649
999960707
999960852
999960905
999960994
999961006
999961032
999961075
999961119
999961354
999961433
999961435
999961553
999961979
999961988
999962004
999962128
999962133
999962181
999962187
999962190
999962275
999962291
999962345
999962386
999962507
999962963
999963135
999963266
999963285
999963309
999963348
999963364
999963688
999963734
999963868
999963911
999963953
999964165
999964179
999964323
999964561
999964608
999964740
999964745
999964771
999964790
999964889
999964923
999965048
999965345
999965538
999965621
999965634
999966067
999966288
999966419
999966507
999966648
999966793
999966853
999967038
999967079
999967133
999967265
999967917
999967978
999968151
999968277
999968360
999968400
999968401
999968725
999968763
999968775
999968892
999968894
999968928
999968949
999968956
999969036
999969060
999969194
999969199
999969205
999969349
999969675
999969696
999969867
999969869
999969905
999970050
999970115
999970195
999970311
999970317
999970325
999970344
999970488
999970885
999970889
999970901
999970920
999970981
999971308
999971336
999971419
999971447
999971941
999972022
999972165
999972193
999972793
999972917
999972921
999973031
999973053
999973272
999973307
999973434
999973486
999973621
999973681
999973785
999973878
999973979
999974045
999974190
999974191
999974415
999974438
999974532
999974677
999974825
999974831
999975100
999975201
999975307
999975376
999975377
999975419
999975844
999975867
999976073
999976078
999976119
999976177
999976210
999976490
999976496
999976708
999976778
999976848
999976958
999977189
999977277
999977278
999977546
999977675
999977739
999977934
999977951
999978029
999978180
999978426
999978584
999978666
999978797
999978806
999978913
999978963
999979004
999979611
999979657
999979658
999979890
999979908
999979964
999979973
999980017
999980130
999980436
999980645
999980694
999980802
999980884
999981472
999981500
999981621
999981645
999981959
999982057
999982134
999982219
999982298
999982345
999982450
999982546
999982660
999983019
999983071
999983204
999983244
999983418
999983632
999983635
999983637
999983682
999983818
999983949
999984047
999984203
999984443
999984566
999984578
999984625
999984691
999984771
999984788
999984791
999984835
999984912
999985319
999985386
999985395
999985496
999985549
999985576
999985666
999985750
999985918
999985952
999986020
999986064
999986189
999986201
999986273
999986658
999986735
999986765
999986973
999987027
999987117
999987174
999987184
999987219
999987300
999987362
999987563
999987744
999987778
999987876
999988011
999988243
999988343
999988362
999988445
999988541
999988680
999988748
999988794
999988801
999988831
999988875
999988905
999988996
999989011
999989033
999989190
999989336
999989421
999989542
999989593
999989733
999989944
999989956
999999524
