999959048
999959110
999959111
999959129
999959133
999959178
999959188
999959294
999959300
999959320
999959347
999959361
999959366
999959397
999959419
999959420
999959459
999959493
999959520
999959531
999959542
999959559
999959572
999959590
999959654
999959670
999959676
999959679
999959722
999959732
999959733
999959751
999959756
999959765
999959784
999959789
999959803
999959804
999959809
999959830
999959849
999959887
999959888
999959906
999959925
999959930
999959931
999959980
999959991
999959997
999960019
999960023
999960029
999960066
999960071
999960091
999960113
999960126
999960161
999960190
999960195
999960208
999960240
999960248
999960252
999960269
999960277
999960292
999960320
999960325
999960360
999960365
999960373
999960376
999960377
999960387
999960397
999960417
999960418
999960421
999960456
999960457
999960469
999960475
999960478
999960517
999960532
999960597
999960606
999960631
999960649
999960652
999960707
999960716
999960727
999960765
999960766
999960767
999960777
999960797
999960800
999960806
999960816
999960828
999960852
999960860
999960878
999960898
999960903
999960905
999960907
999960909
999960925
999960947
999960992
999960994
999961001
999961006
999961018
999961032
999961074
999961075
999961119
999961140
999961153
999961177
999961184
999961190
999961219
999961220
999961227
999961231
999961255
999961279
999961302
999961309
999961328
999961354
999961375
999961377
999961431
999961433
999961435
999961448
999961476
999961488
999961553
999961567
999961572
999961576
999961585
999961608
999961636
999961642
999961645
999961646
999961665
999961705
999961706
999961741
999961753
999961768
999961777
999961819
999961832
999961836
999961843
999961846
999961893
999961901
999961908
999961916
999961919
999961920
999961925
999961939
999961979
999961983
999961988
999961989
999961991
999962004
999962019
999962040
999962056
999962066
999962075
999962105
999962128
999962133
999962173
999962179
999962181
999962187
999962188
999962190
999962234
999962275
999962291
999962325
999962336
999962345
999962355
999962359
999962386
999962438
999962454
999962467
999962479
999962487
999962488
999962507
999962546
999962565
999962578
999962594
999962618
999962656
999962710
999962735
999962746
999962762
999962799
999962852
999962877
999962893
999962934
999962963
999962975
999963029
999963034
999963074
999963077
999963135
999963151
999963157
999963245
999963248
999963262
999963266
999963285
999963309
999963321
999963348
999963351
999963364
999963387
999963419
999963423
999963462
999963496
999963499
999963501
999963535
999963574
999963635
999963688
999963722
999963727
999963734
999963776
999963810
999963826
999963836
999963852
999963857
999963860
999963868
999963890
999963911
999963934
999963944
999963953
999964007
999964024
999964093
999964121
999964132
999964165
999964179
999964204
999964245
999964254
999964267
999964295
999964323
999964343
999964347
999964381
999964441
999964480
999964481
999964522
999964530
999964533
999964551
999964561
999964562
999964603
999964605
999964608
999964623
999964719
999964740
999964745
999964771
999964786
999964790
999964791
999964835
999964855
999964862
999964889
999964923
999964965
999964999
999965011
999965016
999965048
999965051
999965090
999965114
999965173
999965186
999965193
999965203
999965223
999965226
999965249
999965267
999965309
999965320
999965323
999965345
999965350
999965359
999965399
999965413
999965414
999965431
999965432
999965452
999965485
999965499
999965508
999965533
999965538
999965551
999965582
999965598
999965612
999965621
999965633
999965634
999965719
999965725
999965732
999965750
999965771
999965772
999965789
999965813
999965828
999965839
999965842
999965843
999965851
999965911
999965920
999965923
999965947
999966020
999966021
999966067
999966081
999966088
999966101
999966137
999966138
999966203
999966235
999966250
999966253
999966254
999966279
999966288
999966291
999966292
999966301
999966332
999966335
999966338
999966349
999966359
999966369
999966387
999966419
999966463
999966507
999966519
999966522
999966548
999966571
999966591
999966600
999966612
999966629
999966648
999966649
999966692
999966701
999966780
999966791
999966793
999966834
999966853
999966861
999966941
999966951
999966968
999967031
999967038
999967079
999967083
999967133
999967138
999967157
999967172
999967211
999967248
999967259
999967265
999967294
999967319
999967326
999967331
999967335
999967341
999967344
999967391
999967505
999967521
999967523
999967527
999967554
999967601
999967606
999967608
999967632
999967650
999967658
999967659
999967689
999967694
999967701
999967781
999967816
999967832
999967834
999967840
999967880
999967917
999967978
999968016
999968040
999968092
999968110
999968143
999968151
999968237
999968259
999968277
999968308
999968311
999968336
999968348
999968360
999968361
999968367
999968378
999968400
999968401
999968402
999968407
999968441
999968447
999968460
999968523
999968531
999968537
999968586
999968604
999968616
999968617
999968628
999968637
999968679
999968680
999968704
999968717
999968725
999968757
999968761
999968763
999968775
999968806
999968892
999968894
999968898
999968925
999968928
999968949
999968956
999969022
999969025
999969036
999969037
999969060
999969061
999969102
999969149
999969159
999969194
999969199
999969200
999969203
999969205
999969224
999969286
999969314
999969324
999969329
999969331
999969349
999969408
999969438
999969460
999969470
999969472
999969478
999969486
999969506
999969516
999969558
999969611
999969647
999969664
999969675
999969696
999969702
999969715
999969737
999969761
999969766
999969770
999969775
999969783
999969789
999969804
999969818
999969847
999969867
999969869
999969875
999969905
999969918
999969954
999969975
999970018
999970050
999970115
999970157
999970177
999970195
999970252
999970263
999970311
999970317
999970325
999970344
999970368
999970388
999970390
999970454
999970473
999970488
999970491
999970525
999970538
999970576
999970605
999970616
999970624
999970653
999970664
999970708
999970746
999970827
999970832
999970844
999970859
999970885
999970889
999970895
999970901
999970905
999970920
999970924
999970971
999970978
999970979
999970981
999971027
999971059
999971060
999971062
999971089
999971119
999971137
999971143
999971193
999971215
999971217
999971241
999971269
999971273
999971274
999971308
999971313
999971321
999971322
999971336
999971370
999971375
999971383
999971405
999971419
999971426
999971447
999971493
999971504
999971535
999971592
999971607
999971614
999971643
999971651
999971654
999971662
999971706
999971727
999971734
999971758
999971775
999971806
999971836
999971872
999971891
999971896
999971905
999971932
999971934
999971936
999971941
999971942
999971965
999971973
999971989
999972014
999972015
999972022
999972023
999972037
999972103
999972124
999972165
999972175
999972193
999972248
999972250
999972287
999972311
999972326
999972333
999972350
999972373
999972375
999972394
999972403
999972457
999972472
999972477
999972517
999972546
999972562
999972584
999972603
999972604
999972690
999972716
999972719
999972725
999972737
999972751
999972773
999972784
999972793
999972816
999972822
999972863
999972916
999972917
999972921
999972933
999972945
999972952
999972973
999972994
999973000
999973020
999973031
999973046
999973053
999973054
999973114
999973127
999973150
999973180
999973225
999973233
999973244
999973260
999973263
999973266
999973272
999973307
999973309
999973311
999973350
999973351
999973389
999973403
999973405
999973434
999973435
999973462
999973483
999973486
999973499
999973514
999973550
999973554
999973562
999973581
999973583
999973602
999973617
999973621
999973681
999973694
999973713
999973722
999973739
999973770
999973785
999973796
999973830
999973853
999973874
999973878
999973926
999973972
999973977
999973979
999974020
999974045
999974049
999974093
999974149
999974150
999974152
999974189
999974190
999974191
999974240
999974263
999974301
999974315
999974319
999974326
999974345
999974362
999974364
999974369
999974391
999974415
999974438
999974449
999974493
999974532
999974536
999974631
999974662
999974674
999974677
999974693
999974726
999974738
999974749
999974825
999974829
999974831
999974850
999974889
999974944
999974949
999974991
999975011
999975019
999975069
999975100
999975115
999975168
999975186
999975201
999975246
999975295
999975299
999975307
999975374
999975376
999975377
999975419
999975438
999975448
999975479
999975485
999975500
999975510
999975511
999975523
999975564
999975567
999975576
999975590
999975606
999975607
999975631
999975678
999975690
999975711
999975784
999975785
999975788
999975798
999975800
999975844
999975861
999975867
999975885
999975889
999975891
999975920
999975962
999975992
999976011
999976047
999976073
999976078
999976079
999976103
999976119
999976130
999976143
999976144
999976158
999976172
999976177
999976210
999976222
999976257
999976265
999976278
999976285
999976302
999976361
999976365
999976387
999976389
999976431
999976435
999976449
999976470
999976478
999976490
999976496
999976506
999976531
999976532
999976559
999976581
999976599
999976647
999976665
999976668
999976672
999976700
999976708
999976741
999976750
999976778
999976808
999976848
999976874
999976894
999976921
999976924
999976958
999976963
999976976
999977056
999977076
999977079
999977098
999977139
999977188
999977189
999977276
999977277
999977278
999977329
999977337
999977360
999977367
999977414
999977427
999977441
999977445
999977448
999977460
999977466
999977502
999977539
999977544
999977546
999977675
999977676
999977683
999977696
999977739
999977744
999977777
999977784
999977793
999977850
999977934
999977951
999977964
999977972
999977978
999977995
999977997
999978029
999978031
999978105
999978114
999978129
999978146
999978166
999978180
999978186
999978188
999978236
999978246
999978288
999978293
999978294
999978295
999978339
999978347
999978388
999978419
999978426
999978474
999978486
999978503
999978523
999978584
999978604
999978611
999978621
999978666
999978696
999978729
999978777
999978797
999978806
999978836
999978864
999978874
999978878
999978900
999978906
999978909
999978913
999978945
999978963
999979004
999979046
999979064
999979079
999979089
999979137
999979188
999979207
999979246
999979283
999979297
999979320
999979325
999979351
999979364
999979398
999979399
999979405
999979410
999979447
999979459
999979523
999979534
999979575
999979611
999979657
999979658
999979678
999979701
999979713
999979720
999979785
999979833
999979866
999979869
999979870
999979887
999979890
999979908
999979935
999979945
999979964
999979968
999979973
999980003
999980017
999980044
999980098
999980103
999980118
999980130
999980175
999980211
999980213
999980223
999980233
999980281
999980295
999980300
999980316
999980329
999980335
999980343
999980361
999980366
999980377
999980383
999980393
999980434
999980436
999980454
999980455
999980462
999980478
999980492
999980508
999980587
999980591
999980645
999980658
999980671
999980674
999980685
999980690
999980694
999980712
999980766
999980772
999980782
999980795
999980802
999980866
999980884
999980895
999980902
999980909
999980941
999980951
999981025
999981082
999981114
999981125
999981158
999981159
999981178
999981204
999981254
999981263
999981283
999981292
999981307
999981308
999981339
999981346
999981368
999981434
999981435
999981472
999981493
999981500
999981519
999981544
999981567
999981591
999981597
999981619
999981621
999981643
999981645
999981649
999981665
999981695
999981724
999981778
999981781
999981833
999981890
999981900
999981905
999981914
999981950
999981959
999981964
999982012
999982047
999982050
999982053
999982057
999982090
999982098
999982102
999982134
999982163
999982173
999982192
999982199
999982219
999982220
999982261
999982266
999982298
999982309
999982345
999982349
999982392
999982402
999982411
999982412
999982445
999982447
999982450
999982451
999982481
999982491
999982520
999982523
999982546
999982578
999982579
999982625
999982651
999982660
999982706
999982710
999982760
999982791
999982803
999982832
999982870
999982913
999982938
999982963
999982990
999982991
999983014
999983019
999983032
999983052
999983062
999983063
999983071
999983091
999983134
999983143
999983146
999983148
999983197
999983204
999983244
999983249
999983252
999983264
999983281
999983321
999983322
999983327
999983390
999983403
999983418
999983421
999983422
999983429
999983539
999983547
999983561
999983567
999983600
999983632
999983635
999983637
999983650
999983659
999983682
999983698
999983709
999983718
999983732
999983761
999983772
999983780
999983818
999983832
999983847
999983864
999983889
999983890
999983892
999983904
999983949
999983950
999983969
999983993
999984029
999984047
999984131
999984136
999984149
999984152
999984161
999984171
999984187
999984203
999984242
999984257
999984301
999984350
999984381
999984438
999984443
999984474
999984479
999984517
999984550
999984559
999984561
999984566
999984572
999984577
999984578
999984619
999984625
999984641
999984657
999984691
999984697
999984739
999984771
999984788
999984791
999984835
999984849
999984868
999984876
999984899
999984906
999984907
999984912
999985003
999985006
999985009
999985078
999985127
999985133
999985149
999985183
999985217
999985236
999985264
999985279
999985319
999985330
999985336
999985346
999985360
999985373
999985386
999985395
999985443
999985490
999985495
999985496
999985498
999985516
999985549
999985576
999985619
999985630
999985637
999985639
999985666
999985675
999985707
999985747
999985748
999985750
999985807
999985829
999985842
999985845
999985849
999985850
999985881
999985918
999985952
999985979
999985993
999986020
999986060
999986064
999986084
999986085
999986100
999986106
999986128
999986137
999986139
999986145
999986189
999986201
999986272
999986273
999986274
999986297
999986324
999986330
999986378
999986382
999986412
999986447
999986456
999986457
999986466
999986467
999986472
999986506
999986548
999986575
999986607
999986613
999986628
999986648
999986658
999986686
999986727
999986732
999986735
999986743
999986746
999986765
999986777
999986817
999986859
999986882
999986905
999986908
999986931
999986935
999986939
999986943
999986973
999986987
999986991
999987017
999987027
999987036
999987053
999987060
999987071
999987076
999987107
999987110
999987117
999987123
999987137
999987174
999987175
999987177
999987184
999987200
999987219
999987246
999987278
999987300
999987328
999987334
999987335
999987348
999987362
999987373
999987375
999987396
999987403
999987427
999987429
999987466
999987471
999987488
999987508
999987560
999987562
999987563
999987568
999987658
999987666
999987671
999987680
999987685
999987689
999987690
999987739
999987744
999987778
999987869
999987876
999987881
999987918
999987922
999987953
999987958
999987966
999987995
999988011
999988020
999988053
999988098
999988113
999988132
999988150
999988182
999988194
999988214
999988228
999988241
999988243
999988247
999988252
999988263
999988275
999988305
999988343
999988344
999988359
999988362
999988363
999988404
999988406
999988435
999988445
999988446
999988464
999988487
999988533
999988541
999988561
999988615
999988621
999988624
999988647
999988651
999988666
999988680
999988684
999988716
999988718
999988722
999988748
999988762
999988764
999988787
999988794
999988801
999988811
999988831
999988832
999988848
999988873
999988874
999988875
999988886
999988895
999988897
999988905
999988922
999988933
999988962
999988973
999988980
999988996
999988997
999989011
999989024
999989033
999989050
999989056
999989063
999989064
999989075
999989086
999989107
999989143
999989144
999989163
999989182
999989190
999989198
999989203
999989207
999989234
999989238
999989263
999989266
999989285
999989287
999989307
999989336
999989352
999989355
999989383
999989390
999989421
999989464
999989493
999989494
999989542
999989555
999989592
999989593
999989628
999989652
999989676
999989703
999989715
999989724
999989733
999989802
999989810
999989843
999989851
999989861
999989884
999989891
999989903
999989905
999989906
999989907
999989911
999989943
999989944
999989956
999989985
999999524
