999900009
999900062
999900081
999900121
999900147
999900150
999900168
999900184
999900221
999900261
999900263
999900264
999900293
999900300
999900311
999900328
999900384
999900398
999900399
999900419
999900476
999900486
999900525
999900534
999900548
999900550
999900608
999900651
999900658
999900675
999900749
999900751
999900752
999900779
999900790
999900793
999900809
999900830
999900834
999900836
999900838
999900851
999900862
999900880
999900884
999900886
999900908
999900959
999900961
999900965
999901019
999901020
999901091
999901098
999901108
999901131
999901141
999901143
999901146
999901191
999901201
999901205
999901240
999901241
999901269
999901273
999901284
999901310
999901321
999901350
999901368
999901370
999901395
999901429
999901451
999901489
999901502
999901510
999901535
999901581
999901619
999901632
999901660
999901669
999901670
999901729
999901737
999901748
999901806
999901821
999901832
999901847
999901860
999901922
999902024
999902086
999902088
999902105
999902108
999902114
999902118
999902122
999902149
999902155
999902160
999902161
999902176
999902187
999902197
999902207
999902208
999902231
999902236
999902278
999902289
999902290
999902298
999902330
999902331
999902337
999902378
999902398
999902401
999902426
999902465
999902479
999902509
999902514
999902521
999902553
999902564
999902565
999902587
999902593
999902606
999902609
999902623
999902637
999902646
999902664
999902665
999902689
999902698
999902718
999902724
999902740
999902777
999902803
999902820
999902824
999902853
999902854
999902869
999902920
999902930
999902953
999902988
999902995
999903024
999903030
999903034
999903036
999903057
999903079
999903107
999903127
999903131
999903134
999903197
999903209
999903227
999903254
999903267
999903286
999903307
999903310
999903335
999903392
999903393
999903395
999903399
999903409
999903468
999903517
999903526
999903547
999903594
999903607
999903625
999903656
999903663
999903666
999903695
999903707
999903735
999903777
999903782
999903795
999903809
999903834
999903835
999903853
999903877
999903897
999903901
999903929
999903941
999903957
999903977
999904009
999904012
999904013
999904014
999904063
999904078
999904105
999904126
999904136
999904145
999904147
999904168
999904186
999904193
999904238
999904256
999904265
999904269
999904323
999904367
999904378
999904384
999904404
999904430
999904465
999904472
999904476
999904489
999904494
999904498
999904501
999904502
999904534
999904536
999904544
999904578
999904598
999904624
999904628
999904675
999904705
999904712
999904735
999904743
999904762
999904763
999904806
999904853
999904865
999904915
999904938
999904947
999904954
999905024
999905073
999905122
999905167
999905185
999905194
999905197
999905212
999905247
999905258
999905302
999905303
999905315
999905323
999905333
999905343
999905344
999905361
999905377
999905381
999905414
999905441
999905443
999905508
999905562
999905564
999905590
999905592
999905608
999905631
999905647
999905654
999905668
999905685
999905692
999905719
999905723
999905755
999905800
999905818
999905824
999905831
999905870
999905886
999905923
999905943
999905952
999905953
999906003
999906019
999906062
999906075
999906093
999906152
999906163
999906240
999906257
999906274
999906287
999906297
999906323
999906332
999906391
999906392
999906405
999906471
999906490
999906502
999906520
999906565
999906602
999906612
999906633
999906644
999906688
999906711
999906741
999906750
999906765
999906780
999906804
999906823
999906845
999906880
999906882
999906920
999906923
999906930
999906982
999907007
999907022
999907024
999907032
999907053
999907060
999907069
999907101
999907106
999907109
999907123
999907138
999907187
999907199
999907210
999907217
999907233
999907235
999907237
999907268
999907311
999907346
999907348
999907361
999907364
999907444
999907482
999907491
999907503
999907541
999907547
999907551
999907555
999907661
999907662
999907673
999907759
999907768
999907783
999907789
999907801
999907809
999907821
999907826
999907829
999907832
999907893
999907902
999907937
999907951
999907964
999907981
999908001
999908018
999908019
999908033
999908040
999908063
999908072
999908080
999908114
999908117
999908134
999908150
999908184
999908210
999908250
999908293
999908304
999908331
999908392
999908420
999908422
999908442
999908459
999908507
999908517
999908535
999908536
999908542
999908547
999908652
999908700
999908717
999908731
999908734
999908736
999908738
999908793
999908820
999908850
999908861
999908862
999908881
999908889
999908997
999909011
999909022
999909042
999909049
999909058
999909070
999909097
999909144
999909206
999909223
999909227
999909247
999909260
999909270
999909273
999909276
999909281
999909310
999909324
999909349
999909358
999909364
999909387
999909398
999909405
999909414
999909448
999909461
999909480
999909481
999909484
999909489
999909526
999909532
999909539
999909544
999909571
999909579
999909588
999909602
999909618
999909627
999909659
999909738
999909792
999909798
999909826
999909849
999909892
999909922
999909924
999910008
999910019
999910024
999910107
999910115
999910148
999910150
999910154
999910176
999910196
999910200
999910232
999910238
999910280
999910281
999910309
999910319
999910332
999910337
999910341
999910344
999910359
999910363
999910408
999910415
999910447
999910491
999910494
999910503
999910529
999910541
999910549
999910551
999910553
999910583
999910589
999910595
999910619
999910637
999910668
999910681
999910720
999910722
999910729
999910736
999910751
999910770
999910808
999910875
999910901
999910906
999910924
999910984
999911004
999911005
999911014
999911028
999911035
999911057
999911070
999911080
999911107
999911117
999911138
999911139
999911158
999911163
999911179
999911204
999911212
999911229
999911258
999911295
999911317
999911356
999911367
999911395
999911413
999911423
999911430
999911445
999911504
999911514
999911541
999911547
999911548
999911549
999911570
999911605
999911616
999911623
999911647
999911666
999911728
999911739
999911748
999911805
999911822
999911826
999911831
999911863
999911926
999911946
999911977
999911995
999912170
999912196
999912265
999912274
999912313
999912367
999912383
999912386
999912395
999912407
999912422
999912438
999912450
999912460
999912479
999912483
999912525
999912576
999912578
999912608
999912650
999912664
999912683
999912734
999912758
999912766
999912820
999912838
999912892
999912893
999912916
999912923
999912937
999912968
999913017
999913023
999913039
999913052
999913067
999913077
999913093
999913103
999913122
999913132
999913144
999913150
999913152
999913232
999913237
999913240
999913280
999913284
999913305
999913308
999913334
999913364
999913375
999913405
999913411
999913412
999913426
999913505
999913550
999913585
999913594
999913604
999913630
999913636
999913661
999913666
999913714
999913720
999913721
999913749
999913775
999913776
999913784
999913794
999913803
999913815
999913851
999913864
999913885
999913886
999913895
999913934
999913940
999913954
999913995
999913996
999914026
999914032
999914068
999914110
999914123
999914140
999914156
999914163
999914175
999914205
999914209
999914224
999914235
999914245
999914248
999914260
999914281
999914286
999914290
999914303
999914312
999914342
999914363
999914375
999914383
999914392
999914399
999914483
999914485
999914516
999914521
999914522
999914535
999914574
999914575
999914584
999914595
999914613
999914630
999914631
999914650
999914651
999914654
999914683
999914701
999914728
999914732
999914752
999914772
999914780
999914824
999914834
999914882
999914904
999914950
999914973
999914991
999915005
999915020
999915052
999915058
999915065
999915083
999915085
999915088
999915181
999915182
999915193
999915216
999915221
999915264
999915266
999915285
999915293
999915315
999915321
999915343
999915350
999915391
999915400
999915431
999915444
999915519
999915533
999915541
999915543
999915574
999915579
999915581
999915595
999915611
999915623
999915628
999915641
999915650
999915670
999915704
999915710
999915744
999915750
999915753
999915755
999915756
999915759
999915772
999915796
999915803
999915811
999915830
999915853
999915887
999915922
999915950
999915962
999915967
999916001
999916020
999916060
999916063
999916102
999916109
999916133
999916143
999916163
999916192
999916230
999916240
999916279
999916291
999916314
999916352
999916375
999916379
999916463
999916481
999916504
999916511
999916530
999916549
999916600
999916611
999916619
999916620
999916631
999916653
999916669
999916683
999916708
999916722
999916763
999916764
999916766
999916767
999916788
999916838
999916861
999916863
999916898
999916909
999916948
999916949
999916966
999916979
999916998
999917010
999917038
999917074
999917076
999917081
999917117
999917123
999917132
999917141
999917150
999917205
999917226
999917235
999917250
999917252
999917269
999917289
999917290
999917295
999917303
999917307
999917309
999917318
999917331
999917332
999917373
999917397
999917451
999917461
999917480
999917511
999917609
999917615
999917624
999917647
999917648
999917660
999917689
999917693
999917701
999917702
999917719
999917720
999917721
999917742
999917744
999917778
999917782
999917820
999917847
999917856
999917877
999917898
999917901
999917949
999917950
999917951
999917959
999917960
999917961
999918032
999918036
999918052
999918057
999918091
999918098
999918130
999918132
999918153
999918201
999918266
999918273
999918387
999918407
999918441
999918447
999918489
999918504
999918539
999918556
999918578
999918594
999918621
999918622
999918627
999918695
999918721
999918737
999918773
999918778
999918831
999918833
999918874
999918878
999918889
999918898
999918899
999918902
999918910
999918929
999918936
999918977
999919014
999919015
999919032
999919045
999919076
999919088
999919107
999919108
999919110
999919165
999919189
999919191
999919196
999919228
999919236
999919265
999919291
999919310
999919316
999919357
999919426
999919475
999919536
999919537
999919550
999919556
999919578
999919581
999919597
999919614
999919630
999919635
999919674
999919683
999919696
999919706
999919725
999919731
999919739
999919777
999919778
999919809
999919810
999919854
999919864
999919879
999919888
999919893
999919907
999919909
999919912
999919941
999919946
999919975
999919989
999919994
999920035
999920064
999920143
999920167
999920168
999920204
999920219
999920264
999920297
999920301
999920303
999920314
999920332
999920333
999920345
999920367
999920406
999920407
999920416
999920437
999920441
999920467
999920479
999920495
999920516
999920536
999920542
999920553
999920629
999920645
999920654
999920692
999920693
999920694
999920695
999920706
999920744
999920755
999920789
999920794
999920818
999920823
999920832
999920838
999920862
999920868
999920870
999920919
999920924
999920946
999920953
999920960
999920965
999920974
999921006
999921036
999921051
999921088
999921091
999921105
999921107
999921123
999921135
999921162
999921175
999921228
999921235
999921276
999921278
999921281
999921287
999921307
999921333
999921355
999921364
999921416
999921428
999921452
999921456
999921468
999921491
999921574
999921575
999921619
999921623
999921644
999921665
999921703
999921704
999921713
999921724
999921725
999921734
999921743
999921749
999921751
999921764
999921765
999921797
999921804
999921822
999921844
999921859
999921895
999921904
999921915
999921932
999921978
999922005
999922007
999922026
999922069
999922092
999922096
999922108
999922111
999922123
999922144
999922153
999922157
999922186
999922191
999922235
999922254
999922291
999922292
999922317
999922321
999922333
999922353
999922368
999922449
999922458
999922495
999922505
999922542
999922546
999922557
999922582
999922592
999922600
999922667
999922697
999922702
999922715
999922736
999922760
999922803
999922863
999922879
999922892
999922933
999922934
999922948
999922987
999923004
999923006
999923008
999923034
999923037
999923071
999923074
999923095
999923136
999923167
999923171
999923181
999923221
999923237
999923244
999923245
999923251
999923253
999923266
999923283
999923294
999923304
999923322
999923344
999923358
999923405
999923423
999923450
999923458
999923476
999923480
999923488
999923492
999923504
999923523
999923525
999923554
999923569
999923578
999923579
999923602
999923604
999923610
999923611
999923612
999923632
999923655
999923680
999923695
999923736
999923738
999923762
999923786
999923792
999923820
999923825
999923861
999923871
999923912
999923915
999923951
999923993
999924046
999924049
999924051
999924093
999924094
999924147
999924152
999924168
999924193
999924222
999924260
999924287
999924322
999924402
999924404
999924405
999924408
999924409
999924466
999924470
999924480
999924481
999924485
999924533
999924539
999924557
999924574
999924579
999924580
999924600
999924617
999924618
999924635
999924682
999924693
999924713
999924722
999924735
999924770
999924774
999924792
999924797
999924810
999924882
999924891
999924892
999924893
999924912
999924921
999924944
999924949
999924977
999925012
999925021
999925093
999925104
999925107
999925121
999925124
999925159
999925169
999925208
999925238
999925250
999925252
999925332
999925373
999925418
999925463
999925492
999925542
999925564
999925596
999925620
999925627
999925638
999925656
999925669
999925672
999925677
999925693
999925727
999925732
999925762
999925765
999925773
999925806
999925897
999925901
999925907
999925908
999925922
999925953
999925983
999926018
999926037
999926059
999926080
999926118
999926121
999926157
999926160
999926166
999926204
999926214
999926225
999926246
999926288
999926289
999926297
999926298
999926328
999926349
999926360
999926369
999926392
999926424
999926430
999926436
999926473
999926491
999926529
999926548
999926549
999926579
999926588
999926606
999926616
999926653
999926667
999926688
999926708
999926798
999926820
999926826
999926836
999926846
999926914
999926948
999926959
999927050
999927059
999927091
999927092
999927131
999927138
999927153
999927190
999927218
999927221
999927236
999927251
999927275
999927307
999927327
999927350
999927400
999927408
999927409
999927419
999927467
999927482
999927496
999927535
999927578
999927581
999927595
999927607
999927627
999927640
999927681
999927706
999927719
999927728
999927730
999927764
999927767
999927821
999927825
999927838
999927863
999927882
999927917
999927938
999927967
999927976
999927989
999928019
999928020
999928028
999928038
999928059
999928071
999928082
999928100
999928107
999928118
999928146
999928149
999928154
999928201
999928202
999928249
999928250
999928255
999928317
999928324
999928326
999928356
999928364
999928379
999928429
999928451
999928490
999928557
999928638
999928663
999928677
999928683
999928689
999928727
999928766
999928775
999928804
999928817
999928847
999928865
999928886
999928894
999928947
999928952
999928966
999928974
999928989
999929023
999929029
999929095
999929126
999929144
999929151
999929165
999929206
999929226
999929244
999929245
999929277
999929286
999929307
999929322
999929337
999929344
999929348
999929352
999929416
999929438
999929466
999929494
999929518
999929541
999929542
999929618
999929645
999929647
999929673
999929701
999929733
999929753
999929782
