999900809
999900834
999902160
999902995
999903901
999904430
999904502
999904544
999905185
999905258
999905361
999906274
999906490
999906502
999908134
999909058
999911822
999912313
999913426
999913886
999914399
999915950
999916619
999917307
999918266
999918441
999920479
999921107
999921765
999922069
999922934
999923578
999923612
999923762
999923993
999924408
999924810
999925901
999926436
999926579
999927640
999928356
999928727
999929151
999931021
999931035
999931245
999931278
999931298
999932044
999932235
999932439
999932872
999933632
999934108
999934924
999935335
999935747
999936345
999936386
999936579
999937023
999938237
999939510
999940903
999943039
999944171
999945972
999946433
999946530
999946926
999946945
999947713
999948200
999949206
999949421
999949828
999950303
999950365
999950824
999951379
999951769
999952842
999953656
999954188
999954809
999956087
999956556
999957048
999957226
999957784
999959026
999959906
999960852
999960905
999961032
999961075
999963266
999963309
999964179
999965345
999966067
999968400
999969036
999969349
999970311
999970325
999970488
999970901
999970920
999970981
999971419
999973031
999973681
999976073
999978029
999979004
999980130
999982057
999982298
999982345
999983244
999983418
999984443
999984788
999984912
999985386
999985496
999985666
999986020
999986201
999987778
999988343
999989542
999999524
