999900009
999900062
999900081
999900121
999900147
999900150
999900168
999900184
999900221
999900261
999900263
999900264
999900293
999900300
999900311
999900328
999900384
999900398
999900399
999900419
999900476
999900486
999900525
999900534
999900548
999900550
999900608
999900651
999900658
999900675
999900749
999900751
999900752
999900779
999900790
999900793
999900809
999900830
999900834
999900836
999900838
999900851
999900862
999900880
999900884
999900886
999900908
999900959
999900961
999900965
999901019
999901020
999901091
999901098
999901108
999901131
999901141
999901143
999901146
999901191
999901201
999901205
999901240
999901241
999901269
999901273
999901284
999901310
999901321
999901350
999901368
999901370
999901395
999901429
999901451
999901489
999901502
999901510
999901535
999901581
999901619
999901632
999901660
999901669
999901670
999901729
999901737
999901748
999901806
999901821
999901832
999901847
999901860
999901922
999902024
999902086
999902088
999902105
999902108
999902114
999902118
999902122
999902149
999902155
999902160
999902161
999902176
999902187
999902197
999902207
999902208
999902231
999902236
999902278
999902289
999902290
999902298
999902330
999902331
999902337
999902378
999902398
999902401
999902426
999902465
999902479
999902509
999902514
999902521
999902553
999902564
999902565
999902587
999902593
999902606
999902609
999902623
999902637
999902646
999902664
999902665
999902689
999902698
999902718
999902724
999902740
999902777
999902803
999902820
999902824
999902853
999902854
999902869
999902920
999902930
999902953
999902988
999902995
999903024
999903030
999903034
999903036
999903057
999903079
999903107
999903127
999903131
999903134
999903197
999903209
999903227
999903254
999903267
999903286
999903307
999903310
999903335
999903392
999903393
999903395
999903399
999903409
999903468
999903517
999903526
999903547
999903594
999903607
999903625
999903656
999903663
999903666
999903695
999903707
999903735
999903777
999903782
999903795
999903809
999903834
999903835
999903853
999903877
999903897
999903901
999903929
999903941
999903957
999903977
999904009
999904012
999904013
999904014
999904063
999904078
999904105
999904126
999904136
999904145
999904147
999904168
999904186
999904193
999904238
999904256
999904265
999904269
999904323
999904367
999904378
999904384
999904404
999904430
999904465
999904472
999904476
999904489
999904494
999904498
999904501
999904502
999904534
999904536
999904544
999904578
999904598
999904624
999904628
999904675
999904705
999904712
999904735
999904743
999904762
999904763
999904806
999904853
999904865
999904915
999904938
999904947
999904954
999905024
999905073
999905122
999905167
999905185
999905194
999905197
999905212
999905247
999905258
999905302
999905303
999905315
999905323
999905333
999905343
999905344
999905361
999905377
999905381
999905414
999905441
999905443
999905508
999905562
999905564
999905590
999905592
999905608
999905631
999905647
999905654
999905668
999905685
999905692
999905719
999905723
999905755
999905800
999905818
999905824
999905831
999905870
999905886
999905923
999905943
999905952
999905953
999906003
999906019
999906062
999906075
999906093
999906152
999906163
999906240
999906257
999906274
999906287
999906297
999906323
999906332
999906391
999906392
999906405
999906471
999906490
999906502
999906520
999906565
999906602
999906612
999906633
999906644
999906688
999906711
999906741
999906750
999906765
999906780
999906804
999906823
999906845
999906880
999906882
999906920
999906923
999906930
999906982
999907007
999907022
999907024
999907032
999907053
999907060
999907069
999907101
999907106
999907109
999907123
999907138
999907187
999907199
999907210
999907217
999907233
999907235
999907237
999907268
999907311
999907346
999907348
999907361
999907364
999907444
999907482
999907491
999907503
999907541
999907547
999907551
999907555
999907661
999907662
999907673
999907759
999907768
999907783
999907789
999907801
999907809
999907821
999907826
999907829
999907832
999907893
999907902
999907937
999907951
999907964
999907981
999908001
999908018
999908019
999908033
999908040
999908063
999908072
999908080
999908114
999908117
999908134
999908150
999908184
999908210
999908250
999908293
999908304
999908331
999908392
999908420
999908422
999908442
999908459
999908507
999908517
999908535
999908536
999908542
999908547
999908652
999908700
999908717
999908731
999908734
999908736
999908738
999908793
999908820
999908850
999908861
999908862
999908881
999908889
999908997
999909011
999909022
999909042
999909049
999909058
999909070
999909097
999909144
999909206
999909223
999909227
999909247
999909260
999909270
999909273
999909276
999909281
999909310
999909324
999909349
999909358
999909364
999909387
999909398
999909405
999909414
999909448
999909461
999909480
999909481
999909484
999909489
999909526
999909532
999909539
999909544
999909571
999909579
999909588
999909602
999909618
999909627
999909659
999909738
999909792
999909798
999909826
999909849
999909892
999909922
999909924
999910008
999910019
999910024
999910107
999910115
999910148
999910150
999910154
999910176
999910196
999910200
999910232
999910238
999910280
999910281
999910309
999910319
999910332
999910337
999910341
999910344
999910359
999910363
999910408
999910415
999910447
999910491
999910494
999910503
999910529
999910541
999910549
999910551
999910553
999910583
999910589
999910595
999910619
999910637
999910668
999910681
999910720
999910722
999910729
999910736
999910751
999910770
999910808
999910875
999910901
999910906
999910924
999910984
999911004
999911005
999911014
999911028
999911035
999911057
999911070
999911080
999911107
999911117
999911138
999911139
999911158
999911163
999911179
999911204
999911212
999911229
999911258
999911295
999911317
999911356
999911367
999911395
999911413
999911423
999911430
999911445
999911504
999911514
999911541
999911547
999911548
999911549
999911570
999911605
999911616
999911623
999911647
999911666
999911728
999911739
999911748
999911805
999911822
999911826
999911831
999911863
999911926
999911946
999911977
999911995
999912170
999912196
999912265
999912274
999912313
999912367
999912383
999912386
999912395
999912407
999912422
999912438
999912450
999912460
999912479
999912483
999912525
999912576
999912578
999912608
999912650
999912664
999912683
999912734
999912758
999912766
999912820
999912838
999912892
999912893
999912916
999912923
999912937
999912968
999913017
999913023
999913039
999913052
999913067
999913077
999913093
999913103
999913122
999913132
999913144
999913150
999913152
999913232
999913237
999913240
999913280
999913284
999913305
999913308
999913334
999913364
999913375
999913405
999913411
999913412
999913426
999913505
999913550
999913585
999913594
999913604
999913630
999913636
999913661
999913666
999913714
999913720
999913721
999913749
999913775
999913776
999913784
999913794
999913803
999913815
999913851
999913864
999913885
999913886
999913895
999913934
999913940
999913954
999913995
999913996
999914026
999914032
999914068
999914110
999914123
999914140
999914156
999914163
999914175
999914205
999914209
999914224
999914235
999914245
999914248
999914260
999914281
999914286
999914290
999914303
999914312
999914342
999914363
999914375
999914383
999914392
999914399
999914483
999914485
999914516
999914521
999914522
999914535
999914574
999914575
999914584
999914595
999914613
999914630
999914631
999914650
999914651
999914654
999914683
999914701
999914728
999914732
999914752
999914772
999914780
999914824
999914834
999914882
999914904
999914950
999914973
999914991
999915005
999915020
999915052
999915058
999915065
999915083
999915085
999915088
999915181
999915182
999915193
999915216
999915221
999915264
999915266
999915285
999915293
999915315
999915321
999915343
999915350
999915391
999915400
999915431
999915444
999915519
999915533
999915541
999915543
999915574
999915579
999915581
999915595
999915611
999915623
999915628
999915641
999915650
999915670
999915704
999915710
999915744
999915750
999915753
999915755
999915756
999915759
999915772
999915796
999915803
999915811
999915830
999915853
999915887
999915922
999915950
999915962
999915967
999916001
999916020
999916060
999916063
999916102
999916109
999916133
999916143
999916163
999916192
999916230
999916240
999916279
999916291
999916314
999916352
999916375
999916379
999916463
999916481
999916504
999916511
999916530
999916549
999916600
999916611
999916619
999916620
999916631
999916653
999916669
999916683
999916708
999916722
999916763
999916764
999916766
999916767
999916788
999916838
999916861
999916863
999916898
999916909
999916948
999916949
999916966
999916979
999916998
999917010
999917038
999917074
999917076
999917081
999917117
999917123
999917132
999917141
999917150
999917205
999917226
999917235
999917250
999917252
999917269
999917289
999917290
999917295
999917303
999917307
999917309
999917318
999917331
999917332
999917373
999917397
999917451
999917461
999917480
999917511
999917609
999917615
999917624
999917647
999917648
999917660
999917689
999917693
999917701
999917702
999917719
999917720
999917721
999917742
999917744
999917778
999917782
999917820
999917847
999917856
999917877
999917898
999917901
999917949
999917950
999917951
999917959
999917960
999917961
999918032
999918036
999918052
999918057
999918091
999918098
999918130
999918132
999918153
999918201
999918266
999918273
999918387
999918407
999918441
999918447
999918489
999918504
999918539
999918556
999918578
999918594
999918621
999918622
999918627
999918695
999918721
999918737
999918773
999918778
999918831
999918833
999918874
999918878
999918889
999918898
999918899
999918902
999918910
999918929
999918936
999918977
999919014
999919015
999919032
999919045
999919076
999919088
999919107
999919108
999919110
999919165
999919189
999919191
999919196
999919228
999919236
999919265
999919291
999919310
999919316
999919357
999919426
999919475
999919536
999919537
999919550
999919556
999919578
999919581
999919597
999919614
999919630
999919635
999919674
999919683
999919696
999919706
999919725
999919731
999919739
999919777
999919778
999919809
999919810
999919854
999919864
999919879
999919888
999919893
999919907
999919909
999919912
999919941
999919946
999919975
999919989
999919994
999920035
999920064
999920143
999920167
999920168
999920204
999920219
999920264
999920297
999920301
999920303
999920314
999920332
999920333
999920345
999920367
999920406
999920407
999920416
999920437
999920441
999920467
999920479
999920495
999920516
999920536
999920542
999920553
999920629
999920645
999920654
999920692
999920693
999920694
999920695
999920706
999920744
999920755
999920789
999920794
999920818
999920823
999920832
999920838
999920862
999920868
999920870
999920919
999920924
999920946
999920953
999920960
999920965
999920974
999921006
999921036
999921051
999921088
999921091
999921105
999921107
999921123
999921135
999921162
999921175
999921228
999921235
999921276
999921278
999921281
999921287
999921307
999921333
999921355
999921364
999921416
999921428
999921452
999921456
999921468
999921491
999921574
999921575
999921619
999921623
999921644
999921665
999921703
999921704
999921713
999921724
999921725
999921734
999921743
999921749
999921751
999921764
999921765
999921797
999921804
999921822
999921844
999921859
999921895
999921904
999921915
999921932
999921978
999922005
999922007
999922026
999922069
999922092
999922096
999922108
999922111
999922123
999922144
999922153
999922157
999922186
999922191
999922235
999922254
999922291
999922292
999922317
999922321
999922333
999922353
999922368
999922449
999922458
999922495
999922505
999922542
999922546
999922557
999922582
999922592
999922600
999922667
999922697
999922702
999922715
999922736
999922760
999922803
999922863
999922879
999922892
999922933
999922934
999922948
999922987
999923004
999923006
999923008
999923034
999923037
999923071
999923074
999923095
999923136
999923167
999923171
999923181
999923221
999923237
999923244
999923245
999923251
999923253
999923266
999923283
999923294
999923304
999923322
999923344
999923358
999923405
999923423
999923450
999923458
999923476
999923480
999923488
999923492
999923504
999923523
999923525
999923554
999923569
999923578
999923579
999923602
999923604
999923610
999923611
999923612
999923632
999923655
999923680
999923695
999923736
999923738
999923762
999923786
999923792
999923820
999923825
999923861
999923871
999923912
999923915
999923951
999923993
999924046
999924049
999924051
999924093
999924094
999924147
999924152
999924168
999924193
999924222
999924260
999924287
999924322
999924402
999924404
999924405
999924408
999924409
999924466
999924470
999924480
999924481
999924485
999924533
999924539
999924557
999924574
999924579
999924580
999924600
999924617
999924618
999924635
999924682
999924693
999924713
999924722
999924735
999924770
999924774
999924792
999924797
999924810
999924882
999924891
999924892
999924893
999924912
999924921
999924944
999924949
999924977
999925012
999925021
999925093
999925104
999925107
999925121
999925124
999925159
999925169
999925208
999925238
999925250
999925252
999925332
999925373
999925418
999925463
999925492
999925542
999925564
999925596
999925620
999925627
999925638
999925656
999925669
999925672
999925677
999925693
999925727
999925732
999925762
999925765
999925773
999925806
999925897
999925901
999925907
999925908
999925922
999925953
999925983
999926018
999926037
999926059
999926080
999926118
999926121
999926157
999926160
999926166
999926204
999926214
999926225
999926246
999926288
999926289
999926297
999926298
999926328
999926349
999926360
999926369
999926392
999926424
999926430
999926436
999926473
999926491
999926529
999926548
999926549
999926579
999926588
999926606
999926616
999926653
999926667
999926688
999926708
999926798
999926820
999926826
999926836
999926846
999926914
999926948
999926959
999927050
999927059
999927091
999927092
999927131
999927138
999927153
999927190
999927218
999927221
999927236
999927251
999927275
999927307
999927327
999927350
999927400
999927408
999927409
999927419
999927467
999927482
999927496
999927535
999927578
999927581
999927595
999927607
999927627
999927640
999927681
999927706
999927719
999927728
999927730
999927764
999927767
999927821
999927825
999927838
999927863
999927882
999927917
999927938
999927967
999927976
999927989
999928019
999928020
999928028
999928038
999928059
999928071
999928082
999928100
999928107
999928118
999928146
999928149
999928154
999928201
999928202
999928249
999928250
999928255
999928317
999928324
999928326
999928356
999928364
999928379
999928429
999928451
999928490
999928557
999928638
999928663
999928677
999928683
999928689
999928727
999928766
999928775
999928804
999928817
999928847
999928865
999928886
999928894
999928947
999928952
999928966
999928974
999928989
999929023
999929029
999929095
999929126
999929144
999929151
999929165
999929206
999929226
999929244
999929245
999929277
999929286
999929307
999929322
999929337
999929344
999929348
999929352
999929416
999929438
999929466
999929494
999929518
999929541
999929542
999929618
999929645
999929647
999929673
999929701
999929733
999929753
999929782
999929795
999929796
999929835
999929848
999929865
999929869
999929877
999929918
999929960
999929962
999930011
999930050
999930056
999930057
999930065
999930093
999930105
999930142
999930153
999930217
999930237
999930264
999930276
999930280
999930285
999930304
999930317
999930318
999930320
999930439
999930447
999930478
999930494
999930500
999930532
999930595
999930611
999930612
999930651
999930675
999930696
999930709
999930720
999930750
999930754
999930804
999930806
999930812
999930814
999930817
999930832
999930853
999930884
999930907
999930946
999930988
999931018
999931021
999931022
999931035
999931041
999931062
999931070
999931093
999931103
999931121
999931133
999931183
999931194
999931196
999931231
999931241
999931245
999931252
999931263
999931272
999931278
999931295
999931296
999931298
999931326
999931333
999931339
999931365
999931375
999931400
999931435
999931445
999931450
999931499
999931506
999931509
999931512
999931555
999931564
999931571
999931590
999931634
999931664
999931673
999931687
999931692
999931699
999931721
999931742
999931759
999931765
999931775
999931782
999931820
999931823
999931851
999931863
999931864
999931891
999931911
999931949
999931972
999931977
999931999
999932021
999932033
999932044
999932093
999932122
999932127
999932134
999932141
999932150
999932152
999932179
999932188
999932193
999932221
999932235
999932260
999932302
999932313
999932384
999932408
999932439
999932440
999932459
999932491
999932535
999932544
999932563
999932568
999932569
999932581
999932605
999932616
999932621
999932639
999932648
999932663
999932678
999932694
999932702
999932722
999932731
999932732
999932742
999932744
999932771
999932819
999932872
999932879
999932960
999932968
999932974
999933004
999933007
999933029
999933044
999933054
999933085
999933091
999933111
999933133
999933134
999933153
999933163
999933164
999933189
999933231
999933269
999933287
999933314
999933333
999933362
999933401
999933410
999933449
999933463
999933498
999933520
999933539
999933540
999933574
999933621
999933632
999933641
999933648
999933665
999933679
999933728
999933753
999933758
999933762
999933789
999933807
999933813
999933824
999933867
999933869
999933888
999933911
999933912
999933932
999933951
999933991
999934066
999934067
999934081
999934091
999934092
999934108
999934109
999934110
999934146
999934149
999934168
999934190
999934204
999934219
999934257
999934311
999934319
999934320
999934325
999934342
999934351
999934358
999934423
999934446
999934478
999934487
999934501
999934506
999934539
999934550
999934558
999934635
999934636
999934671
999934691
999934735
999934738
999934779
999934780
999934788
999934809
999934817
999934909
999934924
999934948
999934961
999934975
999934989
999934990
999935001
999935005
999935013
999935018
999935046
999935048
999935049
999935078
999935159
999935177
999935218
999935220
999935264
999935296
999935299
999935303
999935335
999935351
999935383
999935390
999935419
999935429
999935436
999935466
999935508
999935515
999935532
999935538
999935542
999935614
999935615
999935647
999935690
999935695
999935715
999935737
999935742
999935747
999935748
999935757
999935765
999935790
999935796
999935858
999935863
999935879
999935920
999935925
999935946
999935949
999935965
999935996
999936006
999936022
999936050
999936058
999936068
999936100
999936185
999936196
999936230
999936243
999936270
999936278
999936282
999936314
999936323
999936345
999936378
999936386
999936394
999936407
999936447
999936489
999936509
999936566
999936579
999936587
999936594
999936595
999936616
999936625
999936663
999936690
999936718
999936721
999936723
999936774
999936801
999936806
999936812
999936847
999936848
999936894
999936932
999936935
999936945
999936978
999937013
999937016
999937023
999937035
999937036
999937078
999937107
999937110
999937148
999937153
999937193
999937194
999937195
999937217
999937218
999937254
999937257
999937274
999937292
999937341
999937425
999937426
999937467
999937512
999937520
999937525
999937545
999937560
999937563
999937604
999937613
999937646
999937678
999937686
999937703
999937728
999937733
999937746
999937783
999937802
999937824
999937855
999937857
999937937
999937955
999937968
999937987
999937994
999938006
999938015
999938027
999938056
999938074
999938088
999938089
999938133
999938168
999938174
999938196
999938237
999938254
999938266
999938269
999938305
999938316
999938321
999938348
999938350
999938359
999938367
999938388
999938422
999938483
999938494
999938503
999938541
999938582
999938616
999938624
999938632
999938658
999938669
999938735
999938736
999938740
999938753
999938774
999938775
999938779
999938792
999938794
999938828
999938833
999938848
999938863
999938872
999938873
999938883
999938900
999938911
999938919
999938926
999938939
999938966
999939011
999939015
999939042
999939049
999939052
999939104
999939131
999939176
999939206
999939212
999939222
999939262
999939263
999939297
999939303
999939324
999939325
999939357
999939406
999939453
999939474
999939476
999939510
999939532
999939580
999939586
999939588
999939606
999939633
999939634
999939635
999939667
999939691
999939715
999939721
999939734
999939743
999939777
999939821
999939849
999939851
999939938
999939945
999939991
999940015
999940022
999940027
999940028
999940032
999940081
999940104
999940113
999940122
999940123
999940171
999940201
999940204
999940206
999940210
999940239
999940250
999940256
999940301
999940303
999940354
999940437
999940459
999940470
999940481
999940482
999940502
999940549
999940558
999940573
999940589
999940609
999940646
999940649
999940662
999940755
999940761
999940813
999940823
999940861
999940881
999940903
999940906
999940909
999940924
999940970
999941032
999941033
999941074
999941079
999941120
999941121
999941133
999941181
999941215
999941218
999941251
999941261
999941265
999941282
999941298
999941320
999941330
999941348
999941349
999941360
999941415
999941436
999941459
999941472
999941519
999941525
999941551
999941603
999941607
999941618
999941628
999941633
999941662
999941702
999941708
999941709
999941737
999941780
999941833
999941873
999941887
999941907
999941919
999941929
999941959
999941960
999941980
999941982
999942012
999942015
999942021
999942037
999942075
999942079
999942093
999942096
999942130
999942137
999942193
999942196
999942220
999942238
999942258
999942267
999942272
999942273
999942276
999942284
999942331
999942347
999942350
999942409
999942454
999942466
999942551
999942579
999942589
999942615
999942618
999942658
999942679
999942701
999942719
999942751
999942759
999942799
999942807
999942812
999942818
999942821
999942826
999942839
999942860
999942939
999942977
999942991
999943031
999943039
999943040
999943106
999943147
999943169
999943173
999943201
999943207
999943210
999943238
999943267
999943282
999943296
999943300
999943303
999943309
999943312
999943327
999943333
999943348
999943364
999943386
999943389
999943419
999943440
999943466
999943481
999943506
999943507
999943518
999943527
999943541
999943558
999943560
999943565
999943626
999943654
999943718
999943775
999943776
999943783
999943789
999943819
999943831
999943839
999943848
999943877
999943878
999943886
999943939
999943956
999943988
999943996
999944007
999944008
999944025
999944097
999944127
999944134
999944135
999944151
999944166
999944171
999944186
999944266
999944304
999944335
999944354
999944388
999944446
999944462
999944476
999944538
999944577
999944578
999944639
999944667
999944675
999944715
999944732
999944753
999944755
999944779
999944786
999944796
999944849
999944889
999944897
999944920
999944929
999944930
999944935
999944953
999944964
999944978
999945064
999945106
999945107
999945178
999945185
999945191
999945207
999945236
999945247
999945275
999945277
999945321
999945370
999945372
999945385
999945405
999945415
999945421
999945425
999945445
999945449
999945454
999945467
999945475
999945484
999945487
999945495
999945497
999945573
999945583
999945595
999945596
999945633
999945745
999945794
999945804
999945820
999945832
999945843
999945862
999945865
999945891
999945926
999945936
999945972
999946014
999946016
999946022
999946034
999946038
999946056
999946118
999946176
999946191
999946194
999946224
999946225
999946266
999946296
999946332
999946376
999946377
999946388
999946394
999946425
999946433
999946504
999946530
999946535
999946552
999946554
999946567
999946586
999946591
999946608
999946610
999946625
999946645
999946654
999946692
999946793
999946821
999946837
999946861
999946876
999946877
999946902
999946923
999946926
999946945
999946954
999946965
999946978
999946994
999946997
999947005
999947034
999947095
999947129
999947140
999947148
999947176
999947180
999947221
999947227
999947254
999947259
999947306
999947313
999947332
999947343
999947386
999947387
999947391
999947411
999947436
999947452
999947462
999947490
999947491
999947506
999947519
999947522
999947535
999947536
999947582
999947609
999947616
999947618
999947621
999947641
999947665
999947693
999947702
999947703
999947713
999947746
999947753
999947766
999947775
999947776
999947793
999947797
999947804
999947820
999947822
999947850
999947872
999947876
999947912
999947933
999947952
999947973
999947974
999947976
999948004
999948006
999948033
999948132
999948146
999948184
999948185
999948190
999948200
999948207
999948229
999948233
999948264
999948284
999948288
999948291
999948293
999948333
999948334
999948364
999948365
999948374
999948403
999948404
999948413
999948443
999948460
999948463
999948492
999948498
999948520
999948544
999948548
999948572
999948594
999948610
999948632
999948644
999948675
999948682
999948692
999948695
999948774
999948780
999948795
999948803
999948806
999948816
999948860
999948869
999948889
999948890
999948903
999948910
999948911
999948930
999948954
999948991
999949012
999949023
999949034
999949063
999949068
999949082
999949086
999949093
999949120
999949131
999949137
999949157
999949169
999949206
999949215
999949222
999949230
999949343
999949344
999949380
999949405
999949419
999949421
999949440
999949476
999949478
999949548
999949550
999949577
999949592
999949637
999949651
999949654
999949659
999949688
999949689
999949732
999949734
999949738
999949751
999949780
999949791
999949792
999949811
999949816
999949828
999949834
999949867
999949879
999949886
999949900
999949908
999949910
999949943
999949950
999949962
999949964
999949971
999950045
999950047
999950058
999950088
999950104
999950110
999950121
999950172
999950179
999950199
999950221
999950267
999950279
999950286
999950290
999950297
999950303
999950306
999950349
999950365
999950408
999950471
999950478
999950485
999950489
999950506
999950528
999950533
999950534
999950537
999950590
999950631
999950661
999950669
999950747
999950748
999950778
999950824
999950842
999950881
999950885
999950891
999950913
999950922
999950954
999950980
999950999
999951007
999951040
999951058
999951060
999951101
999951124
999951159
999951199
999951217
999951236
999951251
999951281
999951323
999951332
999951337
999951338
999951362
999951367
999951378
999951379
999951428
999951472
999951506
999951511
999951534
999951537
999951543
999951547
999951549
999951587
999951610
999951638
999951650
999951656
999951715
999951726
999951768
999951769
999951778
999951800
999951805
999951820
999951846
999951876
999951904
999951932
999951960
999951977
999951979
999951980
999951987
999952017
999952036
999952038
999952047
999952055
999952059
999952079
999952080
999952087
999952111
999952118
999952133
999952155
999952161
999952162
999952186
999952208
999952289
999952294
999952295
999952329
999952342
999952355
999952360
999952387
999952388
999952391
999952448
999952469
999952524
999952525
999952560
999952565
999952570
999952604
999952607
999952648
999952666
999952672
999952676
999952681
999952687
999952698
999952706
999952730
999952736
999952770
999952784
999952805
999952813
999952815
999952825
999952831
999952835
999952838
999952842
999952857
999952865
999952948
999952956
999952958
999952965
999953007
999953013
999953048
999953089
999953090
999953125
999953139
999953165
999953175
999953190
999953210
999953219
999953305
999953312
999953352
999953367
999953368
999953399
999953402
999953404
999953414
999953431
999953443
999953447
999953454
999953477
999953483
999953513
999953561
999953625
999953626
999953653
999953656
999953677
999953711
999953756
999953789
999953793
999953814
999953835
999953843
999953847
999953894
999953910
999953968
999953992
999954006
999954035
999954046
999954065
999954104
999954112
999954144
999954149
999954151
999954162
999954188
999954234
999954247
999954302
999954316
999954325
999954345
999954379
999954384
999954406
999954437
999954455
999954462
999954483
999954493
999954504
999954597
999954619
999954663
999954674
999954680
999954694
999954767
999954769
999954772
999954782
999954783
999954791
999954809
999954812
999954816
999954823
999954851
999954864
999954876
999954884
999954893
999954904
999954945
999955005
999955028
999955031
999955050
999955077
999955079
999955099
999955104
999955107
999955116
999955164
999955177
999955181
999955206
999955260
999955262
999955295
999955371
999955392
999955422
999955425
999955427
999955447
999955468
999955474
999955482
999955529
999955564
999955566
999955580
999955592
999955604
999955606
999955634
999955644
999955646
999955648
999955651
999955665
999955668
999955692
999955743
999955774
999955775
999955825
999955882
999955924
999955963
999955994
999956004
999956009
999956017
999956021
999956041
999956043
999956062
999956082
999956087
999956091
999956098
999956101
999956135
999956178
999956214
999956235
999956260
999956264
999956267
999956282
999956290
999956291
999956350
999956392
999956403
999956410
999956417
999956430
999956443
999956450
999956463
999956479
999956525
999956531
999956545
999956556
999956578
999956593
999956640
999956650
999956651
999956661
999956663
999956702
999956704
999956710
999956753
999956761
999956769
999956803
999956834
999956835
999956840
999956841
999956844
999956880
999956889
999956933
999956935
999956941
999956973
999956981
999957013
999957015
999957021
999957036
999957037
999957044
999957048
999957128
999957151
999957170
999957171
999957226
999957231
999957260
999957268
999957274
999957290
999957295
999957329
999957331
999957362
999957394
999957423
999957426
999957433
999957439
999957448
999957453
999957464
999957507
999957525
999957563
999957602
999957605
999957683
999957688
999957736
999957784
999957786
999957790
999957820
999957822
999957861
999957891
999957897
999957915
999957920
999957930
999957932
999957937
999957944
999957950
999957960
999957981
999957986
999958031
999958050
999958065
999958078
999958124
999958129
999958134
999958202
999958251
999958257
999958263
999958273
999958290
999958308
999958310
999958380
999958383
999958448
999958459
999958462
999958484
999958518
999958527
999958528
999958560
999958568
999958580
999958611
999958613
999958619
999958631
999958642
999958662
999958667
999958691
999958747
999958775
999958779
999958818
999958831
999958839
999958850
999958872
999958873
999958877
999958881
999958910
999958920
999958950
999958980
999958986
999959004
999959026
999959048
999959110
999959111
999959129
999959133
999959178
999959188
999959294
999959300
999959320
999959347
999959361
999959366
999959397
999959419
999959420
999959459
999959493
999959520
999959531
999959542
999959559
999959572
999959590
999959654
999959670
999959676
999959679
999959722
999959732
999959733
999959751
999959756
999959765
999959784
999959789
999959803
999959804
999959809
999959830
999959849
999959887
999959888
999959906
999959925
999959930
999959931
999959980
999959991
999959997
999960019
999960023
999960029
999960066
999960071
999960091
999960113
999960126
999960161
999960190
999960195
999960208
999960240
999960248
999960252
999960269
999960277
999960292
999960320
999960325
999960360
999960365
999960373
999960376
999960377
999960387
999960397
999960417
999960418
999960421
999960456
999960457
999960469
999960475
999960478
999960517
999960532
999960597
999960606
999960631
999960649
999960652
999960707
999960716
999960727
999960765
999960766
999960767
999960777
999960797
999960800
999960806
999960816
999960828
999960852
999960860
999960878
999960898
999960903
999960905
999960907
999960909
999960925
999960947
999960992
999960994
999961001
999961006
999961018
999961032
999961074
999961075
999961119
999961140
999961153
999961177
999961184
999961190
999961219
999961220
999961227
999961231
999961255
999961279
999961302
999961309
999961328
999961354
999961375
999961377
999961431
999961433
999961435
999961448
999961476
999961488
999961553
999961567
999961572
999961576
999961585
999961608
999961636
999961642
999961645
999961646
999961665
999961705
999961706
999961741
999961753
999961768
999961777
999961819
999961832
999961836
999961843
999961846
999961893
999961901
999961908
999961916
999961919
999961920
999961925
999961939
999961979
999961983
999961988
999961989
999961991
999962004
999962019
999962040
999962056
999962066
999962075
999962105
999962128
999962133
999962173
999962179
999962181
999962187
999962188
999962190
999962234
999962275
999962291
999962325
999962336
999962345
999962355
999962359
999962386
999962438
999962454
999962467
999962479
999962487
999962488
999962507
999962546
999962565
999962578
999962594
999962618
999962656
999962710
999962735
999962746
999962762
999962799
999962852
999962877
999962893
999962934
999962963
999962975
999963029
999963034
999963074
999963077
999963135
999963151
999963157
999963245
999963248
999963262
999963266
999963285
999963309
999963321
999963348
999963351
999963364
999963387
999963419
999963423
999963462
999963496
999963499
999963501
999963535
999963574
999963635
999963688
999963722
999963727
999963734
999963776
999963810
999963826
999963836
999963852
999963857
999963860
999963868
999963890
999963911
999963934
999963944
999963953
999964007
999964024
999964093
999964121
999964132
999964165
999964179
999964204
999964245
999964254
999964267
999964295
999964323
999964343
999964347
999964381
999964441
999964480
999964481
999964522
999964530
999964533
999964551
999964561
999964562
999964603
999964605
999964608
999964623
999964719
999964740
999964745
999964771
999964786
999964790
999964791
999964835
999964855
999964862
999964889
999964923
999964965
999964999
999965011
999965016
999965048
999965051
999965090
999965114
999965173
999965186
999965193
999965203
999965223
999965226
999965249
999965267
999965309
999965320
999965323
999965345
999965350
999965359
999965399
999965413
999965414
999965431
999965432
999965452
999965485
999965499
999965508
999965533
999965538
999965551
999965582
999965598
999965612
999965621
999965633
999965634
999965719
999965725
999965732
999965750
999965771
999965772
999965789
999965813
999965828
999965839
999965842
999965843
999965851
999965911
999965920
999965923
999965947
999966020
999966021
999966067
999966081
999966088
999966101
999966137
999966138
999966203
999966235
999966250
999966253
999966254
999966279
999966288
999966291
999966292
999966301
999966332
999966335
999966338
999966349
999966359
999966369
999966387
999966419
999966463
999966507
999966519
999966522
999966548
999966571
999966591
999966600
999966612
999966629
999966648
999966649
999966692
999966701
999966780
999966791
999966793
999966834
999966853
999966861
999966941
999966951
999966968
999967031
999967038
999967079
999967083
999967133
999967138
999967157
999967172
999967211
999967248
999967259
999967265
999967294
999967319
999967326
999967331
999967335
999967341
999967344
999967391
999967505
999967521
999967523
999967527
999967554
999967601
999967606
999967608
999967632
999967650
999967658
999967659
999967689
999967694
999967701
999967781
999967816
999967832
999967834
999967840
999967880
999967917
999967978
999968016
999968040
999968092
999968110
999968143
999968151
999968237
999968259
999968277
999968308
999968311
999968336
999968348
999968360
999968361
999968367
999968378
999968400
999968401
999968402
999968407
999968441
999968447
999968460
999968523
999968531
999968537
999968586
999968604
999968616
999968617
999968628
999968637
999968679
999968680
999968704
999968717
999968725
999968757
999968761
999968763
999968775
999968806
999968892
999968894
999968898
999968925
999968928
999968949
999968956
999969022
999969025
999969036
999969037
999969060
999969061
999969102
999969149
999969159
999969194
999969199
999969200
999969203
999969205
999969224
999969286
999969314
999969324
999969329
999969331
999969349
999969408
999969438
999969460
999969470
999969472
999969478
999969486
999969506
999969516
999969558
999969611
999969647
999969664
999969675
999969696
999969702
999969715
999969737
999969761
999969766
999969770
999969775
999969783
999969789
999969804
999969818
999969847
999969867
999969869
999969875
999969905
999969918
999969954
999969975
999970018
999970050
999970115
999970157
999970177
999970195
999970252
999970263
999970311
999970317
999970325
999970344
999970368
999970388
999970390
999970454
999970473
999970488
999970491
999970525
999970538
999970576
999970605
999970616
999970624
999970653
999970664
999970708
999970746
999970827
999970832
999970844
999970859
999970885
999970889
999970895
999970901
999970905
999970920
999970924
999970971
999970978
999970979
999970981
999971027
999971059
999971060
999971062
999971089
999971119
999971137
999971143
999971193
999971215
999971217
999971241
999971269
999971273
999971274
999971308
999971313
999971321
999971322
999971336
999971370
999971375
999971383
999971405
999971419
999971426
999971447
999971493
999971504
999971535
999971592
999971607
999971614
999971643
999971651
999971654
999971662
999971706
999971727
999971734
999971758
999971775
999971806
999971836
999971872
999971891
999971896
999971905
999971932
999971934
999971936
999971941
999971942
999971965
999971973
999971989
999972014
999972015
999972022
999972023
999972037
999972103
999972124
999972165
999972175
999972193
999972248
999972250
999972287
999972311
999972326
999972333
999972350
999972373
999972375
999972394
999972403
999972457
999972472
999972477
999972517
999972546
999972562
999972584
999972603
999972604
999972690
999972716
999972719
999972725
999972737
999972751
999972773
999972784
999972793
999972816
999972822
999972863
999972916
999972917
999972921
999972933
999972945
999972952
999972973
999972994
999973000
999973020
999973031
999973046
999973053
999973054
999973114
999973127
999973150
999973180
999973225
999973233
999973244
999973260
999973263
999973266
999973272
999973307
999973309
999973311
999973350
999973351
999973389
999973403
999973405
999973434
999973435
999973462
999973483
999973486
999973499
999973514
999973550
999973554
999973562
999973581
999973583
999973602
999973617
999973621
999973681
999973694
999973713
999973722
999973739
999973770
999973785
999973796
999973830
999973853
999973874
999973878
999973926
999973972
999973977
999973979
999974020
999974045
999974049
999974093
999974149
999974150
999974152
999974189
999974190
999974191
999974240
999974263
999974301
999974315
999974319
999974326
999974345
999974362
999974364
999974369
999974391
999974415
999974438
999974449
999974493
999974532
999974536
999974631
999974662
999974674
999974677
999974693
999974726
999974738
999974749
999974825
999974829
999974831
999974850
999974889
999974944
999974949
999974991
999975011
999975019
999975069
999975100
999975115
999975168
999975186
999975201
999975246
999975295
999975299
999975307
999975374
999975376
999975377
999975419
999975438
999975448
999975479
999975485
999975500
999975510
999975511
999975523
999975564
999975567
999975576
999975590
999975606
999975607
999975631
999975678
999975690
999975711
999975784
999975785
999975788
999975798
999975800
999975844
999975861
999975867
999975885
999975889
999975891
999975920
999975962
999975992
999976011
999976047
999976073
999976078
999976079
999976103
999976119
999976130
999976143
999976144
999976158
999976172
999976177
999976210
999976222
999976257
999976265
999976278
999976285
999976302
999976361
999976365
999976387
999976389
999976431
999976435
999976449
999976470
999976478
999976490
999976496
999976506
999976531
999976532
999976559
999976581
999976599
999976647
999976665
999976668
999976672
999976700
999976708
999976741
999976750
999976778
999976808
999976848
999976874
999976894
999976921
999976924
999976958
999976963
999976976
999977056
999977076
999977079
999977098
999977139
999977188
999977189
999977276
999977277
999977278
999977329
999977337
999977360
999977367
999977414
999977427
999977441
999977445
999977448
999977460
999977466
999977502
999977539
999977544
999977546
999977675
999977676
999977683
999977696
999977739
999977744
999977777
999977784
999977793
999977850
999977934
999977951
999977964
999977972
999977978
999977995
999977997
999978029
999978031
999978105
999978114
999978129
999978146
999978166
999978180
999978186
999978188
999978236
999978246
999978288
999978293
999978294
999978295
999978339
999978347
999978388
999978419
999978426
999978474
999978486
999978503
999978523
999978584
999978604
999978611
999978621
999978666
999978696
999978729
999978777
999978797
999978806
999978836
999978864
999978874
999978878
999978900
999978906
999978909
999978913
999978945
999978963
999979004
999979046
999979064
999979079
999979089
999979137
999979188
999979207
999979246
999979283
999979297
999979320
999979325
999979351
999979364
999979398
999979399
999979405
999979410
999979447
999979459
999979523
999979534
999979575
999979611
999979657
999979658
999979678
999979701
999979713
999979720
999979785
999979833
999979866
999979869
999979870
999979887
999979890
999979908
999979935
999979945
999979964
999979968
999979973
999980003
999980017
999980044
999980098
999980103
999980118
999980130
999980175
999980211
999980213
999980223
999980233
999980281
999980295
999980300
999980316
999980329
999980335
999980343
999980361
999980366
999980377
999980383
999980393
999980434
999980436
999980454
999980455
999980462
999980478
999980492
999980508
999980587
999980591
999980645
999980658
999980671
999980674
999980685
999980690
999980694
999980712
999980766
999980772
999980782
999980795
999980802
999980866
999980884
999980895
999980902
999980909
999980941
999980951
999981025
999981082
999981114
999981125
999981158
999981159
999981178
999981204
999981254
999981263
999981283
999981292
999981307
999981308
999981339
999981346
999981368
999981434
999981435
999981472
999981493
999981500
999981519
999981544
999981567
999981591
999981597
999981619
999981621
999981643
999981645
999981649
999981665
999981695
999981724
999981778
999981781
999981833
999981890
999981900
999981905
999981914
999981950
999981959
999981964
999982012
999982047
999982050
999982053
999982057
999982090
999982098
999982102
999982134
999982163
999982173
999982192
999982199
999982219
999982220
999982261
999982266
999982298
999982309
999982345
999982349
999982392
999982402
999982411
999982412
999982445
999982447
999982450
999982451
999982481
999982491
999982520
999982523
999982546
999982578
999982579
999982625
999982651
999982660
999982706
999982710
999982760
999982791
999982803
999982832
999982870
999982913
999982938
999982963
999982990
999982991
999983014
999983019
999983032
999983052
999983062
999983063
999983071
999983091
999983134
999983143
999983146
999983148
999983197
999983204
999983244
999983249
999983252
999983264
999983281
999983321
999983322
999983327
999983390
999983403
999983418
999983421
999983422
999983429
999983539
999983547
999983561
999983567
999983600
999983632
999983635
999983637
999983650
999983659
999983682
999983698
999983709
999983718
999983732
999983761
999983772
999983780
999983818
999983832
999983847
999983864
999983889
999983890
999983892
999983904
999983949
999983950
999983969
999983993
999984029
999984047
999984131
999984136
999984149
999984152
999984161
999984171
999984187
999984203
999984242
999984257
999984301
999984350
999984381
999984438
999984443
999984474
999984479
999984517
999984550
999984559
999984561
999984566
999984572
999984577
999984578
999984619
999984625
999984641
999984657
999984691
999984697
999984739
999984771
999984788
999984791
999984835
999984849
999984868
999984876
999984899
999984906
999984907
999984912
999985003
999985006
999985009
999985078
999985127
999985133
999985149
999985183
999985217
999985236
999985264
999985279
999985319
999985330
999985336
999985346
999985360
999985373
999985386
999985395
999985443
999985490
999985495
999985496
999985498
999985516
999985549
999985576
999985619
999985630
999985637
999985639
999985666
999985675
999985707
999985747
999985748
999985750
999985807
999985829
999985842
999985845
999985849
999985850
999985881
999985918
999985952
999985979
999985993
999986020
999986060
999986064
999986084
999986085
999986100
999986106
999986128
999986137
999986139
999986145
999986189
999986201
999986272
999986273
999986274
999986297
999986324
999986330
999986378
999986382
999986412
999986447
999986456
999986457
999986466
999986467
999986472
999986506
999986548
999986575
999986607
999986613
999986628
999986648
999986658
999986686
999986727
999986732
999986735
999986743
999986746
999986765
999986777
999986817
999986859
999986882
999986905
999986908
999986931
999986935
999986939
999986943
999986973
999986987
999986991
999987017
999987027
999987036
999987053
999987060
999987071
999987076
999987107
999987110
999987117
999987123
999987137
999987174
999987175
999987177
999987184
999987200
999987219
999987246
999987278
999987300
999987328
999987334
999987335
999987348
999987362
999987373
999987375
999987396
999987403
999987427
999987429
999987466
999987471
999987488
999987508
999987560
999987562
999987563
999987568
999987658
999987666
999987671
999987680
999987685
999987689
999987690
999987739
999987744
999987778
999987869
999987876
999987881
999987918
999987922
999987953
999987958
999987966
999987995
999988011
999988020
999988053
999988098
999988113
999988132
999988150
999988182
999988194
999988214
999988228
999988241
999988243
999988247
999988252
999988263
999988275
999988305
999988343
999988344
999988359
999988362
999988363
999988404
999988406
999988435
999988445
999988446
999988464
999988487
999988533
999988541
999988561
999988615
999988621
999988624
999988647
999988651
999988666
999988680
999988684
999988716
999988718
999988722
999988748
999988762
999988764
999988787
999988794
999988801
999988811
999988831
999988832
999988848
999988873
999988874
999988875
999988886
999988895
999988897
999988905
999988922
999988933
999988962
999988973
999988980
999988996
999988997
999989011
999989024
999989033
999989050
999989056
999989063
999989064
999989075
999989086
999989107
999989143
999989144
999989163
999989182
999989190
999989198
999989203
999989207
999989234
999989238
999989263
999989266
999989285
999989287
999989307
999989336
999989352
999989355
999989383
999989390
999989421
999989464
999989493
999989494
999989542
999989555
999989592
999989593
999989628
999989652
999989676
999989703
999989715
999989724
999989733
999989802
999989810
999989843
999989851
999989861
999989884
999989891
999989903
999989905
999989906
999989907
999989911
999989943
999989944
999989956
999989985
999999524
