999900311
999900328
999900525
999900809
999900834
999900862
999902160
999902553
999902995
999903835
999903901
999903957
999904126
999904430
999904502
999904544
999904628
999904762
999905185
999905258
999905361
999906274
999906490
999906502
999907210
999907346
999908114
999908134
999908184
999908331
999909058
999910447
999910551
999910553
999910681
999911070
999911822
999912313
999912438
999912892
999913237
999913426
999913714
999913775
999913886
999914399
999914701
999915052
999915950
999916192
999916463
999916619
999916722
999916979
999917235
999917307
999917624
999918266
999918441
999918902
999919228
999920204
999920479
999920832
999921107
999921278
999921765
999922005
999922069
999922157
999922291
999922934
999923283
999923578
999923612
999923762
999923993
999924408
999924810
999925656
999925901
999926246
999926436
999926579
999927327
999927640
999928059
999928356
999928727
999929151
999929782
999930285
999930447
999931021
999931035
999931245
999931278
999931298
999931445
999931499
999931555
999931699
999931851
999931972
999932044
999932235
999932439
999932440
999932581
999932872
999933333
999933632
999933869
999934108
999934146
999934204
999934924
999935335
999935466
999935747
999936345
999936386
999936579
999936690
999937023
999937520
999938056
999938237
999938926
999939011
999939303
999939510
999939991
999940239
999940301
999940558
999940813
999940903
999940909
999942015
999942258
999942347
999942751
999943039
999943303
999944171
999945467
999945794
999945832
999945972
999946016
999946224
999946433
999946530
999946591
999946861
999946926
999946945
999946954
999947713
999948200
999948293
999948806
999948930
999949063
999949206
999949419
999949421
999949828
999950303
999950365
999950534
999950824
999951199
999951379
999951650
999951769
999952087
999952387
999952842
999953656
999954188
999954782
999954809
999954864
999955260
999955425
999955604
999956087
999956098
999956463
999956545
999956556
999956578
999956651
999956841
999956973
999957048
999957226
999957605
999957784
999958050
999958779
999959026
999959459
999959906
999960029
999960852
999960905
999961006
999961032
999961075
999962128
999962190
999962291
999962963
999963266
999963285
999963309
999963688
999963868
999964179
999964608
999964740
999964771
999965345
999966067
999966288
999966419
999966507
999966853
999967265
999968151
999968360
999968400
999968775
999968949
999969036
999969194
999969349
999969869
999970115
999970311
999970325
999970488
999970889
999970901
999970920
999970981
999971308
999971419
999972193
999973031
999973272
999973486
999973681
999974045
999974191
999974415
999974438
999974825
999974831
999975100
999976073
999976210
999976496
999976848
999976958
999977739
999977951
999978029
999978180
999978426
999978666
999978806
999978963
999979004
999979611
999979908
999980017
999980130
999980694
999981621
999982057
999982298
999982345
999983244
999983418
999983632
999984443
999984625
999984788
999984835
999984912
999985386
999985496
999985666
999985918
999986020
999986201
999986658
999987027
999987184
999987362
999987778
999988011
999988343
999988445
999988680
999988905
999989011
999989542
999989956
999999524
