999900834
999902995
999904430
999904502
999905185
999905258
999906274
999906490
999906502
999908134
999909058
999911822
999912313
999913426
999913886
999914399
999915950
999917307
999918266
999918441
999920479
999921107
999921765
999922934
999923578
999923612
999923762
999923993
999924408
999924810
999925901
999926579
999927640
999928356
999928727
999929151
999931021
999931035
999932044
999932235
999932872
999934924
999935747
999936345
999936386
999936579
999937023
999938237
999939510
999943039
999945972
999946433
999946530
999946926
999947713
999948200
999949206
999949421
999950303
999950365
999951379
999951769
999952842
999953656
999954188
999954809
999956087
999957784
999959026
999959906
999960852
999961032
999961075
999963309
999964179
999965345
999966067
999968400
999969036
999970325
999970488
999970901
999971419
999973031
999973681
999976073
999978029
999979004
999980130
999982298
999982345
999983244
999983418
999984443
999984788
999984912
999985496
999985666
999986020
999987778
999988343
999999524
