999929795
999929796
999929835
999929848
999929865
999929869
999929877
999929918
999929960
999929962
999930011
999930050
999930056
999930057
999930065
999930093
999930105
999930142
999930153
999930217
999930237
999930264
999930276
999930280
999930285
999930304
999930317
999930318
999930320
999930439
999930447
999930478
999930494
999930500
999930532
999930595
999930611
999930612
999930651
999930675
999930696
999930709
999930720
999930750
999930754
999930804
999930806
999930812
999930814
999930817
999930832
999930853
999930884
999930907
999930946
999930988
999931018
999931021
999931022
999931035
999931041
999931062
999931070
999931093
999931103
999931121
999931133
999931183
999931194
999931196
999931231
999931241
999931245
999931252
999931263
999931272
999931278
999931295
999931296
999931298
999931326
999931333
999931339
999931365
999931375
999931400
999931435
999931445
999931450
999931499
999931506
999931509
999931512
999931555
999931564
999931571
999931590
999931634
999931664
999931673
999931687
999931692
999931699
999931721
999931742
999931759
999931765
999931775
999931782
999931820
999931823
999931851
999931863
999931864
999931891
999931911
999931949
999931972
999931977
999931999
999932021
999932033
999932044
999932093
999932122
999932127
999932134
999932141
999932150
999932152
999932179
999932188
999932193
999932221
999932235
999932260
999932302
999932313
999932384
999932408
999932439
999932440
999932459
999932491
999932535
999932544
999932563
999932568
999932569
999932581
999932605
999932616
999932621
999932639
999932648
999932663
999932678
999932694
999932702
999932722
999932731
999932732
999932742
999932744
999932771
999932819
999932872
999932879
999932960
999932968
999932974
999933004
999933007
999933029
999933044
999933054
999933085
999933091
999933111
999933133
999933134
999933153
999933163
999933164
999933189
999933231
999933269
999933287
999933314
999933333
999933362
999933401
999933410
999933449
999933463
999933498
999933520
999933539
999933540
999933574
999933621
999933632
999933641
999933648
999933665
999933679
999933728
999933753
999933758
999933762
999933789
999933807
999933813
999933824
999933867
999933869
999933888
999933911
999933912
999933932
999933951
999933991
999934066
999934067
999934081
999934091
999934092
999934108
999934109
999934110
999934146
999934149
999934168
999934190
999934204
999934219
999934257
999934311
999934319
999934320
999934325
999934342
999934351
999934358
999934423
999934446
999934478
999934487
999934501
999934506
999934539
999934550
999934558
999934635
999934636
999934671
999934691
999934735
999934738
999934779
999934780
999934788
999934809
999934817
999934909
999934924
999934948
999934961
999934975
999934989
999934990
999935001
999935005
999935013
999935018
999935046
999935048
999935049
999935078
999935159
999935177
999935218
999935220
999935264
999935296
999935299
999935303
999935335
999935351
999935383
999935390
999935419
999935429
999935436
999935466
999935508
999935515
999935532
999935538
999935542
999935614
999935615
999935647
999935690
999935695
999935715
999935737
999935742
999935747
999935748
999935757
999935765
999935790
999935796
999935858
999935863
999935879
999935920
999935925
999935946
999935949
999935965
999935996
999936006
999936022
999936050
999936058
999936068
999936100
999936185
999936196
999936230
999936243
999936270
999936278
999936282
999936314
999936323
999936345
999936378
999936386
999936394
999936407
999936447
999936489
999936509
999936566
999936579
999936587
999936594
999936595
999936616
999936625
999936663
999936690
999936718
999936721
999936723
999936774
999936801
999936806
999936812
999936847
999936848
999936894
999936932
999936935
999936945
999936978
999937013
999937016
999937023
999937035
999937036
999937078
999937107
999937110
999937148
999937153
999937193
999937194
999937195
999937217
999937218
999937254
999937257
999937274
999937292
999937341
999937425
999937426
999937467
999937512
999937520
999937525
999937545
999937560
999937563
999937604
999937613
999937646
999937678
999937686
999937703
999937728
999937733
999937746
999937783
999937802
999937824
999937855
999937857
999937937
999937955
999937968
999937987
999937994
999938006
999938015
999938027
999938056
999938074
999938088
999938089
999938133
999938168
999938174
999938196
999938237
999938254
999938266
999938269
999938305
999938316
999938321
999938348
999938350
999938359
999938367
999938388
999938422
999938483
999938494
999938503
999938541
999938582
999938616
999938624
999938632
999938658
999938669
999938735
999938736
999938740
999938753
999938774
999938775
999938779
999938792
999938794
999938828
999938833
999938848
999938863
999938872
999938873
999938883
999938900
999938911
999938919
999938926
999938939
999938966
999939011
999939015
999939042
999939049
999939052
999939104
999939131
999939176
999939206
999939212
999939222
999939262
999939263
999939297
999939303
999939324
999939325
999939357
999939406
999939453
999939474
999939476
999939510
999939532
999939580
999939586
999939588
999939606
999939633
999939634
999939635
999939667
999939691
999939715
999939721
999939734
999939743
999939777
999939821
999939849
999939851
999939938
999939945
999939991
999940015
999940022
999940027
999940028
999940032
999940081
999940104
999940113
999940122
999940123
999940171
999940201
999940204
999940206
999940210
999940239
999940250
999940256
999940301
999940303
999940354
999940437
999940459
999940470
999940481
999940482
999940502
999940549
999940558
999940573
999940589
999940609
999940646
999940649
999940662
999940755
999940761
999940813
999940823
999940861
999940881
999940903
999940906
999940909
999940924
999940970
999941032
999941033
999941074
999941079
999941120
999941121
999941133
999941181
999941215
999941218
999941251
999941261
999941265
999941282
999941298
999941320
999941330
999941348
999941349
999941360
999941415
999941436
999941459
999941472
999941519
999941525
999941551
999941603
999941607
999941618
999941628
999941633
999941662
999941702
999941708
999941709
999941737
999941780
999941833
999941873
999941887
999941907
999941919
999941929
999941959
999941960
999941980
999941982
999942012
999942015
999942021
999942037
999942075
999942079
999942093
999942096
999942130
999942137
999942193
999942196
999942220
999942238
999942258
999942267
999942272
999942273
999942276
999942284
999942331
999942347
999942350
999942409
999942454
999942466
999942551
999942579
999942589
999942615
999942618
999942658
999942679
999942701
999942719
999942751
999942759
999942799
999942807
999942812
999942818
999942821
999942826
999942839
999942860
999942939
999942977
999942991
999943031
999943039
999943040
999943106
999943147
999943169
999943173
999943201
999943207
999943210
999943238
999943267
999943282
999943296
999943300
999943303
999943309
999943312
999943327
999943333
999943348
999943364
999943386
999943389
999943419
999943440
999943466
999943481
999943506
999943507
999943518
999943527
999943541
999943558
999943560
999943565
999943626
999943654
999943718
999943775
999943776
999943783
999943789
999943819
999943831
999943839
999943848
999943877
999943878
999943886
999943939
999943956
999943988
999943996
999944007
999944008
999944025
999944097
999944127
999944134
999944135
999944151
999944166
999944171
999944186
999944266
999944304
999944335
999944354
999944388
999944446
999944462
999944476
999944538
999944577
999944578
999944639
999944667
999944675
999944715
999944732
999944753
999944755
999944779
999944786
999944796
999944849
999944889
999944897
999944920
999944929
999944930
999944935
999944953
999944964
999944978
999945064
999945106
999945107
999945178
999945185
999945191
999945207
999945236
999945247
999945275
999945277
999945321
999945370
999945372
999945385
999945405
999945415
999945421
999945425
999945445
999945449
999945454
999945467
999945475
999945484
999945487
999945495
999945497
999945573
999945583
999945595
999945596
999945633
999945745
999945794
999945804
999945820
999945832
999945843
999945862
999945865
999945891
999945926
999945936
999945972
999946014
999946016
999946022
999946034
999946038
999946056
999946118
999946176
999946191
999946194
999946224
999946225
999946266
999946296
999946332
999946376
999946377
999946388
999946394
999946425
999946433
999946504
999946530
999946535
999946552
999946554
999946567
999946586
999946591
999946608
999946610
999946625
999946645
999946654
999946692
999946793
999946821
999946837
999946861
999946876
999946877
999946902
999946923
999946926
999946945
999946954
999946965
999946978
999946994
999946997
999947005
999947034
999947095
999947129
999947140
999947148
999947176
999947180
999947221
999947227
999947254
999947259
999947306
999947313
999947332
999947343
999947386
999947387
999947391
999947411
999947436
999947452
999947462
999947490
999947491
999947506
999947519
999947522
999947535
999947536
999947582
999947609
999947616
999947618
999947621
999947641
999947665
999947693
999947702
999947703
999947713
999947746
999947753
999947766
999947775
999947776
999947793
999947797
999947804
999947820
999947822
999947850
999947872
999947876
999947912
999947933
999947952
999947973
999947974
999947976
999948004
999948006
999948033
999948132
999948146
999948184
999948185
999948190
999948200
999948207
999948229
999948233
999948264
999948284
999948288
999948291
999948293
999948333
999948334
999948364
999948365
999948374
999948403
999948404
999948413
999948443
999948460
999948463
999948492
999948498
999948520
999948544
999948548
999948572
999948594
999948610
999948632
999948644
999948675
999948682
999948692
999948695
999948774
999948780
999948795
999948803
999948806
999948816
999948860
999948869
999948889
999948890
999948903
999948910
999948911
999948930
999948954
999948991
999949012
999949023
999949034
999949063
999949068
999949082
999949086
999949093
999949120
999949131
999949137
999949157
999949169
999949206
999949215
999949222
999949230
999949343
999949344
999949380
999949405
999949419
999949421
999949440
999949476
999949478
999949548
999949550
999949577
999949592
999949637
999949651
999949654
999949659
999949688
999949689
999949732
999949734
999949738
999949751
999949780
999949791
999949792
999949811
999949816
999949828
999949834
999949867
999949879
999949886
999949900
999949908
999949910
999949943
999949950
999949962
999949964
999949971
999950045
999950047
999950058
999950088
999950104
999950110
999950121
999950172
999950179
999950199
999950221
999950267
999950279
999950286
999950290
999950297
999950303
999950306
999950349
999950365
999950408
999950471
999950478
999950485
999950489
999950506
999950528
999950533
999950534
999950537
999950590
999950631
999950661
999950669
999950747
999950748
999950778
999950824
999950842
999950881
999950885
999950891
999950913
999950922
999950954
999950980
999950999
999951007
999951040
999951058
999951060
999951101
999951124
999951159
999951199
999951217
999951236
999951251
999951281
999951323
999951332
999951337
999951338
999951362
999951367
999951378
999951379
999951428
999951472
999951506
999951511
999951534
999951537
999951543
999951547
999951549
999951587
999951610
999951638
999951650
999951656
999951715
999951726
999951768
999951769
999951778
999951800
999951805
999951820
999951846
999951876
999951904
999951932
999951960
999951977
999951979
999951980
999951987
999952017
999952036
999952038
999952047
999952055
999952059
999952079
999952080
999952087
999952111
999952118
999952133
999952155
999952161
999952162
999952186
999952208
999952289
999952294
999952295
999952329
999952342
999952355
999952360
999952387
999952388
999952391
999952448
999952469
999952524
999952525
999952560
999952565
999952570
999952604
999952607
999952648
999952666
999952672
999952676
999952681
999952687
999952698
999952706
999952730
999952736
999952770
999952784
999952805
999952813
999952815
999952825
999952831
999952835
999952838
999952842
999952857
999952865
999952948
999952956
999952958
999952965
999953007
999953013
999953048
999953089
999953090
999953125
999953139
999953165
999953175
999953190
999953210
999953219
999953305
999953312
999953352
999953367
999953368
999953399
999953402
999953404
999953414
999953431
999953443
999953447
999953454
999953477
999953483
999953513
999953561
999953625
999953626
999953653
999953656
999953677
999953711
999953756
999953789
999953793
999953814
999953835
999953843
999953847
999953894
999953910
999953968
999953992
999954006
999954035
999954046
999954065
999954104
999954112
999954144
999954149
999954151
999954162
999954188
999954234
999954247
999954302
999954316
999954325
999954345
999954379
999954384
999954406
999954437
999954455
999954462
999954483
999954493
999954504
999954597
999954619
999954663
999954674
999954680
999954694
999954767
999954769
999954772
999954782
999954783
999954791
999954809
999954812
999954816
999954823
999954851
999954864
999954876
999954884
999954893
999954904
999954945
999955005
999955028
999955031
999955050
999955077
999955079
999955099
999955104
999955107
999955116
999955164
999955177
999955181
999955206
999955260
999955262
999955295
999955371
999955392
999955422
999955425
999955427
999955447
999955468
999955474
999955482
999955529
999955564
999955566
999955580
999955592
999955604
999955606
999955634
999955644
999955646
999955648
999955651
999955665
999955668
999955692
999955743
999955774
999955775
999955825
999955882
999955924
999955963
999955994
999956004
999956009
999956017
999956021
999956041
999956043
999956062
999956082
999956087
999956091
999956098
999956101
999956135
999956178
999956214
999956235
999956260
999956264
999956267
999956282
999956290
999956291
999956350
999956392
999956403
999956410
999956417
999956430
999956443
999956450
999956463
999956479
999956525
999956531
999956545
999956556
999956578
999956593
999956640
999956650
999956651
999956661
999956663
999956702
999956704
999956710
999956753
999956761
999956769
999956803
999956834
999956835
999956840
999956841
999956844
999956880
999956889
999956933
999956935
999956941
999956973
999956981
999957013
999957015
999957021
999957036
999957037
999957044
999957048
999957128
999957151
999957170
999957171
999957226
999957231
999957260
999957268
999957274
999957290
999957295
999957329
999957331
999957362
999957394
999957423
999957426
999957433
999957439
999957448
999957453
999957464
999957507
999957525
999957563
999957602
999957605
999957683
999957688
999957736
999957784
999957786
999957790
999957820
999957822
999957861
999957891
999957897
999957915
999957920
999957930
999957932
999957937
999957944
999957950
999957960
999957981
999957986
999958031
999958050
999958065
999958078
999958124
999958129
999958134
999958202
999958251
999958257
999958263
999958273
999958290
999958308
999958310
999958380
999958383
999958448
999958459
999958462
999958484
999958518
999958527
999958528
999958560
999958568
999958580
999958611
999958613
999958619
999958631
999958642
999958662
999958667
999958691
999958747
999958775
999958779
999958818
999958831
999958839
999958850
999958872
999958873
999958877
999958881
999958910
999958920
999958950
999958980
999958986
999959004
999959026
