371835378.90925014019012451172
371835386.02401793003082275391 
371835853.20845007896423339844
371836146.21569359302520751953
371836464.55255007743835449219
371836650.15265011787414550781
371836668.87528312206268310547 
371836690.26325011253356933594
371836915.10864740610122680664
371836941.08950352668762207031
371836977.21115005016326904297
371837297.44853520393371582031
371837373.63563597202301025391
371837377.49765497446060180664
371837948.20841926336288452148 
371838274.61005902290344238281
371839245.31017541885375976562
371839417.69660532474517822266
371839808.46256935596466064453
371839969.96511733531951904297
371840150.07556313276290893555
371840694.61998045444488525391
371840929.59445011615753173828
371841171.05242252349853515625
371841518.59548133611679077148 
371841567.83268046379089355469 
371842284.15581804513931274414 
371842505.17792749404907226562
371842736.22228318452835083008
371842842.95415002107620239258
371843146.64922249317169189453
371843372.75267529487609863281
371843384.42949777841567993164
371843437.35366034507751464844
371843515.27475756406784057617 
371843677.00611531734466552734 
371843806.02015799283981323242 
371844188.01246553659439086914
371844376.18895006179809570312
371844426.35793066024780273438
371844799.19005000591278076172
371845050.27153056859970092773
371845180.33247637748718261719
371845329.38984239101409912109
371845995.28289878368377685547 
371845990.65520989894866943359
371846064.59115004539489746094
371846076.30275011062622070312
371846083.33345007896423339844
371846345.09952485561370849609
371846412.47165000438690185547
371846484.13206589221954345703
371846635.80382299423217773438
371846902.98500251770019531250
371847069.92505002021789550781
371847356.24485492706298828125
371847500.84685009717941284180
371847645.14174640178680419922
371847855.49780488014221191406
371847869.54148799180984497070
371847937.30225813388824462891
371848093.29465007781982421875
371848519.22855055332183837891
371848966.70413106679916381836
371849455.37124991416931152344
371850205.18975305557250976562
371850602.92915010452270507812
371851235.10926550626754760742
371851409.52230620384216308594 
371851431.01854121685028076172
371851570.40201878547668457031
371851576.69204998016357421875
371851846.44575011730194091797
371852017.34196645021438598633
371852370.58875000476837158203
371852446.02510869503021240234
371852589.03635007143020629883
371852755.68809843063354492188
371852777.93253815174102783203
371852938.82025009393692016602
371853133.46288275718688964844
371853270.38868224620819091797
371853647.11016201972961425781
371853932.89885663986206054688
371854120.03075921535491943359
371854337.70763760805130004883
371854785.65569168329238891602 
371854951.11424994468688964844
371855124.05935001373291015625
371855186.39245003461837768555
371855382.02195268869400024414
371855818.28435003757476806641
371856127.22196274995803833008
371856459.35464501380920410156
371856478.15785002708435058594
371856522.90222811698913574219
371856549.15875810384750366211 
371857307.24187296628952026367
371857321.29087746143341064453 
371857627.78745889663696289062
371858037.16020512580871582031
371858290.30905002355575561523
371859109.78068715333938598633
371859332.68785560131072998047
371859442.72045004367828369141
371859780.59445011615753173828
371859785.25205004215240478516
371859842.47265040874481201172
371859987.47341483831405639648
371859994.42775017023086547852
371860015.92304986715316772461
371860169.33877587318420410156
371860746.90001302957534790039 
371860961.90749996900558471680 
371861803.14259737730026245117
371862490.05269610881805419922
371862832.71779918670654296875
371863227.69548362493515014648
371863904.37415009737014770508
371863988.86130148172378540039
371864005.36258906126022338867
371864320.99359148740768432617
371864379.29524487257003784180 
371864741.95193505287170410156
371864863.63160371780395507812
371864907.26042187213897705078
371865073.24475014209747314453
371865112.00203323364257812500
371865171.33643996715545654297
371865295.38520085811614990234
371865359.33835005760192871094
371865913.30483722686767578125
371866111.20741415023803710938
371866532.25305008888244628906
371870036.86095011234283447266
