371835204.23539113998413085938
371835209.85072255134582519531
371835279.36855685710906982422
371835378.90924996137619018555
371835386.02737480401992797852 
371835397.33429288864135742188
371835853.20844995975494384766
371835991.03256928920745849609
371836146.21569359302520751953
371836441.48540079593658447266
371836464.55254995822906494141
371836483.96665990352630615234
371836543.65298932790756225586
371836650.15265011787414550781
371836667.85113179683685302734 
371836690.26324999332427978516
371836719.54959577322006225586
371836766.94774574041366577148
371836915.10864740610122680664
371836941.08950352668762207031
371836977.21114999055862426758
371837297.44853520393371582031
371837373.63563591241836547852
371837377.49765503406524658203
371837626.07026195526123046875
371837673.81961363554000854492
371837943.45868730545043945312
371837948.20842069387435913086 
371837968.38742649555206298828
371838019.99773448705673217773
371838274.61005890369415283203
371838762.90922641754150390625
371838799.42309057712554931641
371838799.77198231220245361328
371838844.71310502290725708008
371838981.28638702630996704102
371839245.31017541885375976562
371839417.69660532474517822266
371839461.93502569198608398438
371839620.94493275880813598633
371839742.45749008655548095703
371839808.46256935596466064453
371839909.57639694213867187500
371839931.34592640399932861328
371839969.96511733531951904297
371840150.07556313276290893555
371840256.45730865001678466797
371840379.33827531337738037109
371840694.61998045444488525391
371840779.58424013853073120117
371840875.08216261863708496094
371840929.59444999694824218750
371840966.01539897918701171875
371841056.24569475650787353516
371841146.12522459030151367188
371841171.05242252349853515625
371841282.70040899515151977539
371841518.59541910886764526367 
371841567.83267682790756225586 
371841731.39625632762908935547
371841845.85252177715301513672
371842188.51833188533782958984
371842284.05269557237625122070 
371842408.65173071622848510742
371842505.17792737483978271484
371842565.23976659774780273438
371842736.22228324413299560547
371842820.48407310247421264648
371842842.95414996147155761719
371842873.85026204586029052734
371842921.24882727861404418945
371843146.64922249317169189453
371843269.53247177600860595703
371843372.75267529487609863281
371843384.42949771881103515625
371843437.35366034507751464844
371843515.26211845874786376953 
371843677.00612264871597290039 
371843805.29838967323303222656
371844102.32115101814270019531
371844188.34006607532501220703
371844309.81835281848907470703
371844376.18894994258880615234
371844426.35793054103851318359
371844689.34923183917999267578
371844799.19005000591278076172
371844946.34852385520935058594
371845050.27153062820434570312
371845180.33247625827789306641
371845329.38984239101409912109
371845551.28033709526062011719
371845727.52788245677947998047
371845784.40521013736724853516
371845995.28289866447448730469 
371845990.65520977973937988281
371846064.59114992618560791016
371846076.30274999141693115234
371846083.33344995975494384766
371846135.14688754081726074219
371846154.10567998886108398438
371846173.41530233621597290039
371846224.32450956106185913086
371846277.69067084789276123047
371846319.82003432512283325195
371846345.09952485561370849609
371846412.47165000438690185547
371846484.13201677799224853516
371846484.48380398750305175781
371846533.63579607009887695312
371846635.80382299423217773438
371846797.65689057111740112305
371846902.98493587970733642578
371846986.19457274675369262695
371847069.92504990100860595703
371847083.44718003273010253906
371847103.80988121032714843750
371847356.24485492706298828125
371847500.84684997797012329102
371847546.53551042079925537109
371847645.14174628257751464844
371847855.49780488014221191406
371847869.54148805141448974609
371847937.30225807428359985352
371847976.27241837978363037109
371848093.29465001821517944336
371848267.66846227645874023438
371848455.86488044261932373047
371848519.22855049371719360352
371848761.66677600145339965820
371848791.15741235017776489258
371848893.67632210254669189453
371848966.70413106679916381836
371849135.22707021236419677734
371849222.65091216564178466797
371849244.06380450725555419922
371849334.29715979099273681641
371849424.17723345756530761719
371849455.37125003337860107422
371849457.88209736347198486328
371849845.83749550580978393555
371849931.15267002582550048828
371849962.39964270591735839844
371850104.59362924098968505859
371850205.18975311517715454102
371850298.04393297433853149414
371850602.92914998531341552734
371851057.80668133497238159180
371851172.61224472522735595703
371851185.95563858747482299805
371851235.10926544666290283203
371851250.55658185482025146484
371851323.93605309724807739258
371851409.52236717939376831055 
371851431.01854121685028076172
371851452.78670024871826171875
371851547.22775202989578247070
371851570.40201878547668457031
371851576.69205009937286376953
371851580.23272275924682617188
371851846.44575011730194091797
371852017.34196645021438598633
371852050.34555959701538085938
371852230.10339713096618652344
371852273.63858520984649658203
371852320.33379411697387695312
371852370.58875000476837158203
371852445.32176905870437622070
371852446.02510869503021240234
371852589.03634995222091674805
371852755.68809843063354492188
371852777.93253803253173828125
371852836.78979468345642089844
371852938.82024991512298583984
371853070.26615154743194580078
371853133.46288281679153442383
371853228.96085071563720703125
371853270.38868224620819091797
371853382.38739538192749023438
371853487.36242437362670898438
371853647.11016201972961425781
371853932.89885663986206054688
371854120.03075921535491943359
371854328.22701966762542724609
371854337.70763754844665527344
371854357.01686847209930419922
371854496.40175175666809082031
371854553.97804212570190429688
371854617.17729115486145019531
371854785.65635824203491210938 
371854790.61622667312622070312
371854918.76757526397705078125
371854947.20201152563095092773
371854951.11425000429153442383
371854959.14034461975097656250
371854984.77119386196136474609
371855051.47773247957229614258
371855097.82200789451599121094
371855124.05934989452362060547
371855186.39244991540908813477
371855319.35288971662521362305
371855382.02195262908935546875
371855475.94782483577728271484
371855731.89340198040008544922
371855818.28435003757476806641
371855970.28241431713104248047
371856127.22196269035339355469
371856170.40587174892425537109
371856459.35464501380920410156
371856478.15784990787506103516
371856513.42206799983978271484
371856522.90222811698913574219
371856549.15876942873001098633 
371856907.34670162200927734375
371856929.46703171730041503906
371856964.92714464664459228516
371857200.86098295450210571289
371857307.24085694551467895508
371857313.55987852811813354492
371857321.29089409112930297852 
371857455.40161985158920288086
371857518.60184890031814575195
371857627.78745889663696289062
371857778.40624618530273437500
371857824.74994409084320068359
371857835.63434588909149169922
371858037.16020518541336059570
371858290.30905008316040039062
371858368.23967593908309936523
371858414.23282796144485473633
371858444.77707254886627197266
371858566.25468206405639648438
371858710.90314257144927978516
371859022.32391309738159179688
371859095.70121937990188598633
371859109.78068727254867553711
371859241.40451538562774658203
371859302.49481719732284545898
371859332.68785554170608520508
371859388.15982627868652343750
371859442.72044992446899414062
371859625.14565718173980712891
371859711.86707216501235961914
371859780.59444993734359741211
371859785.25205004215240478516
371859842.47265040874481201172
371859983.61220812797546386719
371859987.47341489791870117188
371859994.42774999141693115234
371860015.92305004596710205078
371860130.71920788288116455078
371860169.33877593278884887695
371860441.08285522460937500000
371860746.90009403228759765625 
371860819.90899771451950073242
371860895.04412472248077392578
371860961.87169104814529418945 
371861091.65649211406707763672
371861142.91610091924667358398
371861221.20813071727752685547
371861229.28346544504165649414
371861365.50799357891082763672
371861367.61408627033233642578
371861462.05805039405822753906
371861803.14259731769561767578
371861851.76909339427947998047
371861951.82866835594177246094
371862075.76578783988952636719
371862114.38553684949874877930
371862388.23597794771194458008
371862462.66700899600982666016
371862490.05269604921340942383
371862543.41914594173431396484
371862629.78739523887634277344
371862713.69752925634384155273
371862762.85018026828765869141
371862818.32369303703308105469
371862832.71779918670654296875
371863045.47816634178161621094
371863149.75277256965637207031
371863188.02198135852813720703
371863227.69548368453979492188
371863426.06222677230834960938
371863751.52455186843872070312
371863904.37414997816085815430
371863988.86130154132843017578
371864005.36258900165557861328
371864320.99359142780303955078
371864379.19919103384017944336 
371864457.21614742279052734375
371864741.95193505287170410156
371864805.84947323799133300781
371864863.63160359859466552734
371864879.57928782701492309570
371864907.26042175292968750000
371865073.24474996328353881836
371865112.00203323364257812500
371865171.33643996715545654297
371865260.16331887245178222656
371865295.38520091772079467773
371865359.33834993839263916016
371865519.97213149070739746094
371865649.52272152900695800781
371865704.29141569137573242188
371865767.13909947872161865234
371865912.84093272686004638672
371865994.99686628580093383789
371866111.20741415023803710938
371866147.37062942981719970703
371866229.52373886108398437500
371866308.87199878692626953125
371866346.08776330947875976562
371866532.25304996967315673828
371866677.51720052957534790039
371870036.86095011234283447266
