371835187.24151015281677246094
371835204.23393076658248901367
371835209.85141479969024658203
371835234.97791874408721923828
371835262.34764981269836425781
371835279.36777734756469726562
371835372.61686837673187255859
371835378.90924996137619018555
371835387.50434017181396484375
371835397.33493673801422119141
371835434.03375554084777832031
371835483.52288591861724853516
371835530.22188860177993774414
371835634.08040392398834228516
371835734.58905237913131713867
371835851.84818637371063232422
371835853.20844995975494384766
371835870.07252502441406250000
371835912.80663406848907470703
371835936.46008849143981933594
371835991.03272134065628051758
371836024.22542834281921386719
371836097.19360208511352539062
371836144.35348570346832275391
371836146.21569359302520751953
371836160.40454798936843872070
371836242.25546336174011230469
371836286.10884571075439453125
371836312.81506454944610595703
371836333.17630434036254882812
371836420.61205255985260009766
371836441.27858924865722656250
371836441.48464202880859375000
371836455.68266540765762329102
371836464.55254995822906494141
371836483.96685594320297241211
371836543.65261042118072509766
371836641.42018294334411621094
371836650.15265011787414550781
371836675.66345381736755371094
371836687.06243979930877685547
371836687.71729993820190429688
371836690.26324999332427978516
371836719.55003702640533447266
371836766.94754624366760253906
371836893.50264096260070800781
371836915.10864746570587158203
371836941.08950358629226684570
371836970.44156038761138916016
371836977.21114999055862426758
371836984.50437068939208984375
371837057.80079734325408935547
371837093.66326290369033813477
371837137.17708361148834228516
371837156.14421951770782470703
371837174.73275935649871826172
371837291.34246695041656494141
371837297.44853520393371582031
371837373.63563591241836547852
371837377.49765503406524658203
371837475.65934467315673828125
371837497.80131006240844726562
371837622.04596072435379028320
371837626.07123124599456787109
371837673.81982666254043579102
371837708.09781384468078613281
371837746.36807578802108764648
371837785.29030680656433105469
371837866.36140906810760498047
371837886.01641231775283813477
371837914.87277579307556152344
371837943.45894777774810791016
371837950.48079967498779296875
371837968.38652205467224121094
371838019.99713361263275146484
371838050.68775153160095214844
371838163.06021249294281005859
371838272.27023446559906005859
371838274.89035248756408691406
371838327.35860455036163330078
371838332.66111898422241210938
371838346.34235787391662597656
371838426.68900889158248901367
371838457.65715444087982177734
371838762.90902197360992431641
371838779.58971947431564331055
371838799.42264765501022338867
371838799.77374029159545898438
371838844.71358692646026611328
371838869.79560416936874389648
371838924.20630621910095214844
371838981.28858780860900878906
371839149.27625072002410888672
371839175.28029429912567138672
371839183.66749495267868041992
371839239.17381232976913452148
371839245.31017541885375976562
371839260.28133624792098999023
371839306.55179303884506225586
371839404.58666837215423583984
371839417.69660532474517822266
371839461.93426263332366943359
371839465.61861586570739746094
371839535.88742733001708984375
371839620.97917169332504272461
371839636.61636221408843994141
371839677.72061502933502197266
371839691.33945220708847045898
371839711.37701606750488281250
371839712.85316765308380126953
371839742.45717895030975341797
371839776.68267142772674560547
371839787.18569123744964599609
371839808.46256935596466064453
371839909.57720863819122314453
371839931.34494316577911376953
371839970.46524989604949951172
371840008.39488828182220458984
371840081.83056831359863281250
371840096.53735208511352539062
371840150.07556319236755371094
371840191.04010796546936035156
371840212.03893756866455078125
371840231.04434692859649658203
371840232.02725064754486083984
371840238.67778086662292480469
371840256.45658421516418457031
371840299.15465891361236572266
371840379.33894991874694824219
371840384.44634664058685302734
371840498.18759471178054809570
371840610.84506380558013916016
371840672.99523866176605224609
371840685.28210484981536865234
371840694.61998045444488525391
371840698.65495264530181884766
371840713.04340517520904541016
371840719.69866448640823364258
371840779.58435368537902832031
371840875.08149886131286621094
371840892.09591567516326904297
371840929.59444999694824218750
371840947.61233878135681152344
371840966.01444125175476074219
371841056.24519741535186767578
371841089.07009577751159667969
371841146.12485992908477783203
371841171.05242252349853515625
371841282.69981360435485839844
371841315.84524333477020263672
371841323.63064783811569213867
371841336.93494880199432373047
371841448.59748029708862304688
371841507.60376381874084472656
371841569.12754994630813598633
371841603.48376095294952392578
371841617.79631936550140380859
371841705.93203347921371459961
371841729.82549977302551269531
371841731.39591419696807861328
371841740.31917375326156616211
371841771.18588250875473022461
371841845.85203516483306884766
371841954.14441847801208496094
371841958.35948836803436279297
371841988.93554067611694335938
371842175.04861539602279663086
371842188.51820147037506103516
371842233.92207211256027221680
371842284.71751147508621215820
371842345.93345844745635986328
371842360.35051780939102172852
371842393.37759763002395629883
371842395.87952971458435058594
371842408.65311670303344726562
371842486.07241863012313842773
371842505.55460798740386962891
371842515.61608958244323730469
371842565.24030876159667968750
371842686.94169330596923828125
371842717.79894584417343139648
371842736.22228324413299560547
371842789.37622594833374023438
371842795.40279245376586914062
371842820.48444557189941406250
371842842.95435535907745361328
371842852.95223432779312133789
371842873.85048127174377441406
371842921.24794661998748779297
371843010.26201337575912475586
371843086.11659455299377441406
371843146.64922249317169189453
371843217.39044606685638427734
371843269.53153467178344726562
371843372.75267529487609863281
371843381.01167470216751098633
371843385.04090607166290283203
371843391.56507456302642822266
371843429.52201229333877563477
371843437.35366034507751464844
371843448.40479081869125366211
371843518.45598316192626953125
371843553.75631397962570190430
371843572.36768966913223266602
371843579.74653661251068115234
371843612.74018716812133789062
371843664.62009483575820922852 ?
371843664.91049706935882568359
371843774.95904839038848876953
371843793.13701736927032470703
371843805.29838967323303222656
371843831.09420007467269897461
371843834.25932598114013671875
371843844.13419675827026367188
371843914.33300465345382690430
371843956.12027698755264282227
371844019.29242861270904541016
371844102.32245957851409912109
371844155.48206341266632080078
371844188.34006607532501220703
371844251.06379002332687377930
371844309.81798994541168212891
371844324.38452112674713134766
371844376.18894994258880615234
371844415.25532788038253784180
371844426.73171234130859375000
371844436.35909420251846313477
371844472.19001340866088867188
371844556.45898550748825073242
371844606.27926123142242431641
371844682.48401749134063720703
371844689.34871494770050048828
371844717.95275640487670898438
371844762.55033355951309204102
371844799.19005000591278076172
371844862.99525254964828491211
371844946.34823155403137207031
371844979.89204680919647216797
371845012.90612757205963134766
371845050.27153062820434570312
371845053.60927307605743408203
371845149.15421098470687866211
371845163.50571912527084350586
371845180.52674418687820434570
371845197.95109778642654418945
371845236.86236286163330078125
371845329.38984239101409912109
371845362.58119308948516845703
371845534.26881492137908935547
371845551.28011453151702880859
371845555.35671573877334594727
371845727.52839517593383789062
371845784.40532946586608886719
371845814.78717911243438720703
371845913.12773478031158447266
371845985.92657124996185302734
371845990.84753084182739257812
371846064.59114992618560791016
371846076.30274999141693115234
371846083.33344995975494384766
371846110.04583615064620971680
371846135.14641261100769042969
371846154.10538959503173828125
371846157.74751836061477661133
371846173.41545879840850830078
371846186.20019495487213134766
371846224.32382225990295410156
371846277.68983054161071777344
371846281.73072844743728637695
371846312.23096859455108642578
371846319.82088959217071533203
371846329.79555749893188476562
371846345.09952485561370849609
371846393.01671493053436279297
371846412.47165000438690185547
371846484.13201677799224853516
371846484.48310887813568115234
371846502.56051754951477050781
371846521.13927751779556274414
371846533.63600945472717285156
371846635.80382299423217773438
371846696.73565888404846191406
371846734.30649864673614501953
371846738.49101835489273071289
371846797.65729749202728271484
371846807.66540056467056274414
371846838.87293875217437744141
371846869.81794762611389160156
371846902.98493587970733642578
371846947.38679218292236328125
371846986.19376921653747558594
371847001.11850726604461669922
371847069.92504990100860595703
371847070.26693129539489746094
371847083.44628608226776123047
371847091.31032651662826538086
371847103.80962884426116943359
371847158.05259901285171508789
371847209.99232667684555053711
371847224.74190831184387207031
371847274.99209213256835937500
371847356.24485492706298828125
371847365.16776627302169799805
371847439.27306258678436279297
371847489.14129471778869628906
371847500.84684997797012329102
371847536.53139495849609375000
371847546.53677141666412353516
371847625.00738251209259033203
371847644.45870798826217651367 ?
371847660.12109225988388061523
371847684.69781363010406494141
371847708.19145131111145019531
371847721.57623279094696044922
371847741.60135269165039062500
371847833.51696223020553588867
371847855.49780488014221191406
371847869.54148799180984497070
371847905.44500243663787841797
371847937.30225813388824462891
371847976.27347791194915771484
371848017.57558250427246093750
371848031.54935318231582641602
371848093.29465001821517944336
371848097.92538487911224365234
371848153.79900074005126953125
371848267.67988890409469604492
371848276.25242310762405395508
371848322.99115562438964843750
371848455.86522698402404785156
371848519.41288667917251586914
371848559.59536319971084594727
371848708.49608355760574340820
371848761.66639006137847900391
371848791.15812039375305175781
371848879.83415079116821289062
371848893.67699122428894042969
371848966.70413100719451904297
371849010.03316944837570190430
371849135.22829711437225341797
371849147.72685515880584716797
371849222.65020644664764404297
371849244.06681871414184570312
371849334.29746264219284057617
371849365.07963359355926513672
371849424.17701327800750732422
371849455.37125003337860107422
371849457.88184452056884765625
371849564.79895663261413574219
371849602.36988759040832519531
371849612.20723366737365722656
371849703.09396940469741821289
371849738.94413506984710693359
371849812.63698363304138183594
371849845.83848327398300170898
371849874.80120611190795898438
371849931.15383154153823852539
371849936.26117509603500366211
371849962.40101647377014160156
371849984.65587127208709716797
371850104.59326040744781494141
371850121.60153812170028686523
371850205.35665142536163330078
371850229.44018715620040893555
371850298.04492592811584472656
371850300.67758601903915405273
371850328.72379910945892333984
371850339.25746232271194458008
371850355.73853278160095214844
371850464.29979926347732543945
371850464.66401386260986328125
371850483.90337979793548583984
371850489.19757497310638427734
371850545.75073611736297607422
371850546.17173349857330322266
371850590.64600318670272827148
371850602.92914998531341552734
371850608.52444761991500854492
371850710.42044186592102050781
371850931.22954046726226806641
371850966.38283747434616088867
371851007.03259515762329101562
371851028.83909189701080322266
371851057.80785501003265380859
371851116.62292623519897460938
371851172.61490750312805175781
371851185.95639967918395996094
371851207.21327722072601318359
371851235.10926544666290283203
371851250.55730891227722167969
371851323.93551480770111083984
371851361.99472957849502563477
371851381.66946172714233398438
371851396.82083642482757568359
371851431.01854121685028076172
371851452.78623807430267333984
371851459.60351049900054931641
371851547.22995477914810180664
371851570.40201878547668457031
371851576.72167265415191650391
371851580.23259139060974121094
371851659.80751752853393554688
371851706.46648430824279785156
371851843.02077895402908325195
371851846.44575011730194091797
371851937.79640316963195800781
371851993.25322830677032470703
371852017.34196650981903076172
371852050.34460073709487915039
371852074.73778986930847167969
371852102.51033610105514526367
371852109.55130678415298461914
371852155.46965056657791137695
371852169.53333491086959838867
371852230.10362768173217773438
371852267.15702539682388305664
371852273.63901633024215698242
371852320.33423119783401489258
371852340.86011159420013427734
371852370.58875000476837158203
371852432.14881753921508789062
371852445.32292509078979492188
371852446.02510869503021240234
371852557.79729431867599487305
371852576.76047694683074951172
371852589.03634995222091674805
371852635.79856228828430175781
371852639.63101220130920410156
371852687.76967930793762207031
371852712.63857340812683105469
371852726.72695827484130859375
371852755.68809843063354492188
371852757.27495813369750976562
371852777.45579105615615844727
371852836.22452104091644287109
371852836.79030770063400268555
371852838.35683661699295043945
371852856.96996688842773437500
371852912.10453540086746215820
371852938.82024991512298583984
371853021.98379123210906982422
371853070.26635909080505371094
371853129.80340856313705444336
371853133.46288275718688964844
371853224.23105418682098388672
371853228.95985084772109985352
371853230.57587933540344238281
371853270.38868224620819091797
371853283.64794111251831054688
371853382.38696217536926269531
371853487.36340487003326416016
371853578.78896117210388183594
371853593.21260601282119750977
371853599.83886039257049560547
371853638.14988905191421508789
371853646.18383526802062988281
371853647.11016201972961425781
371853733.71744275093078613281
371853764.54309082031250000000
371853845.00656437873840332031
371853932.89885663986206054688
371853999.08640515804290771484
371854017.00231248140335083008
371854090.72616648674011230469
371854105.81497383117675781250
371854107.15360301733016967773
371854120.03075921535491943359
371854165.19411242008209228516
371854186.57434320449829101562
371854207.58463573455810546875
371854227.29251194000244140625
371854271.52505815029144287109
371854325.27565652132034301758
371854328.22816085815429687500
371854338.05872929096221923828
371854357.01768302917480468750
371854407.06993323564529418945
371854416.17671251296997070312
371854441.10469067096710205078
371854496.40109926462173461914
371854534.85615396499633789062
371854553.98014199733734130859
371854617.17665159702301025391
371854633.85402190685272216797
371854786.40285801887512207031
371854790.61595833301544189453
371854838.20685428380966186523
371854857.86531877517700195312
371854918.76443117856979370117
371854942.81098133325576782227
371854947.20285916328430175781
371854951.11425000429153442383
371854959.13997685909271240234
371854984.76967096328735351562
371854988.39549505710601806641
371855051.47709351778030395508
371855052.78998744487762451172
371855097.82119721174240112305
371855112.01601219177246093750
371855124.05934989452362060547
371855186.39244991540908813477
371855285.57070302963256835938
371855319.36005210876464843750
371855382.20546281337738037109
371855395.36508333683013916016
371855440.97072827816009521484
371855475.94694024324417114258
371855566.64239490032196044922
371855567.43535232543945312500
371855640.41170001029968261719
371855643.23330938816070556641
371855675.92463994026184082031
371855731.89276528358459472656
371855750.26192271709442138672
371855804.76688712835311889648
371855818.28435003757476806641
371855875.67887258529663085938
371855931.47369813919067382812
371855935.69863224029541015625
371855970.28399813175201416016
371855996.02839952707290649414
371856075.06989425420761108398
371856086.66203391551971435547
371856107.14461624622344970703
371856121.42023235559463500977
371856127.22196269035339355469
371856135.49778205156326293945
371856170.40623414516448974609
371856291.04573589563369750977
371856320.86995768547058105469
371856387.89239656925201416016
371856408.24697148799896240234
371856459.35464495420455932617
371856478.15784990787506103516
371856509.69535315036773681641
371856513.42275452613830566406
371856522.90222811698913574219
371856538.43857836723327636719 ?
371856552.90904176235198974609
371856636.08094108104705810547
371856663.85904061794281005859
371856664.63872122764587402344
371856705.29886651039123535156
371856855.52488100528717041016
371856858.70083904266357421875
371856864.34244132041931152344
371856907.34753906726837158203
371856909.63001477718353271484
371856926.49896186590194702148
371856928.58925962448120117188
371856929.46630954742431640625
371856958.79826134443283081055
371856964.92656069993972778320
371856984.00865864753723144531
371856997.76749020814895629883
371857040.21574997901916503906
371857200.86010825634002685547
371857261.36910998821258544922
371857307.24085688591003417969
371857313.56050539016723632812
371857321.98670321702957153320
371857336.18295484781265258789
371857341.13949501514434814453
371857455.40150070190429687500
371857471.70404887199401855469
371857518.59798288345336914062
371857533.85860204696655273438
371857547.95986926555633544922
371857622.35470795631408691406
371857627.78745889663696289062
371857678.54902088642120361328
371857762.14037835597991943359
371857778.40573632717132568359
371857824.74982106685638427734
371857826.65312749147415161133
371857835.63365912437438964844
371857842.49482810497283935547
371857876.52944350242614746094
371857889.15609306097030639648
371857933.11363744735717773438
371858037.16020518541336059570
371858105.15411126613616943359
371858134.18243426084518432617
371858138.04838854074478149414
371858290.30905008316040039062
371858368.23951756954193115234
371858414.23250657320022583008
371858444.77746880054473876953
371858494.79199504852294921875
371858545.68076014518737792969
371858566.25513243675231933594
371858631.78824222087860107422
371858645.42818677425384521484
371858664.37589883804321289062
371858710.90483319759368896484
371858940.34161764383316040039
371858961.09794259071350097656
371859022.32298874855041503906
371859066.72120690345764160156
371859095.70110905170440673828
371859109.78068727254867553711
371859109.61363792419433593750
371859223.33834344148635864258
371859237.33482331037521362305
371859241.40407258272171020508
371859281.95552468299865722656
371859283.33334642648696899414
371859295.24015641212463378906
371859302.49398899078369140625
371859304.48019617795944213867
371859332.68785554170608520508
371859341.63169550895690917969
371859388.16030758619308471680
371859389.76883220672607421875
371859392.51549339294433593750
371859442.72044992446899414062
371859557.51106071472167968750
371859564.89992743730545043945
371859624.27597194910049438477
371859625.14704358577728271484
371859638.33870857954025268555
371859688.53090751171112060547
371859711.86663222312927246094
371859739.43832576274871826172
371859780.59444993734359741211
371859782.97789520025253295898
371859785.25205004215240478516
371859792.45269966125488281250
371859842.47265040874481201172
371859982.37371957302093505859
371859983.61140894889831542969
371859987.47341483831405639648
371859994.42774999141693115234
371860015.91182100772857666016
371860130.71871888637542724609
371860140.02448570728302001953
371860169.33877587318420410156
371860179.04029083251953125000
371860353.13235348463058471680
371860381.61977553367614746094
371860431.04356622695922851562
371860441.08353394269943237305
371860652.31458270549774169922
371860695.11058980226516723633
371860697.22642993927001953125
371860735.05371904373168945312
371860743.52665066719055175781
371860819.91115617752075195312
371860832.08057582378387451172
371860876.64962822198867797852
371860895.04471355676651000977
371860942.98305505514144897461
371860963.50753372907638549805
371861000.55184394121170043945
371861033.19325196743011474609
371861068.71348261833190917969
371861091.65588760375976562500
371861142.73002231121063232422
371861142.91522848606109619141
371861221.20860457420349121094
371861229.28370606899261474609
371861262.78692030906677246094
371861313.76901602745056152344
371861365.50715613365173339844
371861367.61370432376861572266
371861462.05728024244308471680
371861497.66167116165161132812
371861534.25274437665939331055
371861559.26045453548431396484
371861559.48202013969421386719
371861573.55755162239074707031
371861723.47393673658370971680
371861731.52567094564437866211
371861803.31807112693786621094
371861805.64321255683898925781
371861819.30550336837768554688
371861840.45143973827362060547
371861851.76867580413818359375
371861950.24324113130569458008
371861951.82970613241195678711
371862026.06144422292709350586
371862051.34258180856704711914
371862075.76494508981704711914
371862114.38499075174331665039
371862195.61587965488433837891
371862225.86621481180191040039
371862226.23132443428039550781
371862321.02418059110641479492
371862366.26661384105682373047
371862388.23621726036071777344
371862457.17136728763580322266
371862462.66757428646087646484
371862490.05269610881805419922
371862543.41857385635375976562
371862629.78703325986862182617
371862684.73684585094451904297
371862713.69785261154174804688
371862759.55582541227340698242
371862762.85063326358795166016
371862800.97385203838348388672
371862818.32305657863616943359
371862832.71779918670654296875
371863045.47911489009857177734
371863061.49568814039230346680
371863061.84315365552902221680
371863143.26015532016754150391
371863149.75322240591049194336
371863169.27650237083435058594
371863173.08751702308654785156
371863188.02217060327529907227
371863227.69548368453979492188
371863335.65443193912506103516
371863408.99570083618164062500
371863426.06204503774642944336
371863464.13860243558883666992
371863492.91348898410797119141
371863699.41172659397125244141
371863708.52793157100677490234
371863751.52362954616546630859
371863759.48135757446289062500
371863870.36239182949066162109
371863904.37414997816085815430
371863931.10917514562606811523
371863961.66580671072006225586
371863988.86130154132843017578
371864005.36258900165557861328
371864042.76682114601135253906
371864075.75814664363861083984
371864116.45117360353469848633
371864242.55785274505615234375
371864260.75859016180038452148
371864307.45082783699035644531
371864320.99359142780303955078
371864382.08346110582351684570
371864457.21697831153869628906
371864458.08405768871307373047
371864459.50229811668395996094
371864474.61394166946411132812
371864523.03608524799346923828
371864569.07443332672119140625
371864602.74831527471542358398
371864657.45320904254913330078
371864741.95193505287170410156
371864785.64615023136138916016
371864789.15341138839721679688
371864805.85053038597106933594
371864828.88786756992340087891
371864856.94124752283096313477
371864863.07839262485504150391
371864863.97358500957489013672
371864879.57967805862426757812
371864906.61369860172271728516
371865049.99539148807525634766
371865073.24474996328353881836
371865076.67908245325088500977
371865112.00203323364257812500
371865130.80213171243667602539
371865140.25770395994186401367
371865171.33644002676010131836
371865200.70597374439239501953
371865260.16250324249267578125
371865272.24133098125457763672
371865295.97380125522613525391
371865311.67428004741668701172
371865354.77200603485107421875
371865359.33834993839263916016
371865384.96435195207595825195
371865519.96995460987091064453
371865547.15185797214508056641
371865557.74966949224472045898
371865630.71735578775405883789
371865649.52258527278900146484
371865680.56742876768112182617
371865701.26326155662536621094
371865704.29280245304107666016
371865716.42664301395416259766
371865744.87674266099929809570
371865767.13811504840850830078
371865837.85267794132232666016
371865901.41661036014556884766
371865912.84093272686004638672
371865947.76014983654022216797
371865994.99625486135482788086
371866076.63733631372451782227
371866111.20741415023803710938
371866118.40258646011352539062
371866147.36979854106903076172
371866181.28568667173385620117
371866229.52511793375015258789
371866253.25629675388336181641
371866269.40725082159042358398
371866272.50353562831878662109
371866283.08572250604629516602
371866297.84975332021713256836
371866308.87170732021331787109
371866340.96448385715484619141
371866346.08736407756805419922
371866354.01460337638854980469
371866409.06213498115539550781
371866459.65281188488006591797
371866490.22803300619125366211
371866532.25304996967315673828
371866549.91400569677352905273
371866599.73021143674850463867
371866673.79907083511352539062
371866677.51735424995422363281
371870036.86095011234283447266
