371835387.50434017181396484375
371836146.21569359302520751953
371836650.15265011787414550781
371836675.66345387697219848633
371836915.10864746570587158203
371836941.08950358629226684570
371837297.44853526353836059570
371837373.63563597202301025391
371837377.49765503406524658203
371837950.48079967498779296875
371838274.85839653015136718750
371839245.31017541885375976562
371839417.69660532474517822266
371839808.46256935596466064453
371839970.46524995565414428711
371840150.07556319236755371094
371840694.61998045444488525391
371841171.05242252349853515625
371841507.20797938108444213867
371841569.12754988670349121094
371842284.71751141548156738281
371842505.55460798740386962891
371842736.22228318452835083008
371843146.64922249317169189453
371843372.75267529487609863281
371843385.04090613126754760742
371843437.35366034507751464844
371843518.45598316192626953125
371843663.92870819568634033203
371843805.29838967323303222656
371844188.34006607532501220703
371844426.73171234130859375000
371844799.19005000591278076172
371845050.27153062820434570312
371845180.52674418687820434570
371845329.38984239101409912109
371845986.59886169433593750000
371845990.84021461009979248047
371846345.09952479600906372070
371846412.47165000438690185547
371846635.80382293462753295898
371847356.24485492706298828125
371847646.42972421646118164062
371847855.49780488014221191406
371847869.54148799180984497070
371847937.30225813388824462891
371848093.29465007781982421875
371848519.41288661956787109375
371848966.70413100719451904297
371850205.35665142536163330078
371851235.10926550626754760742
371851397.39500910043716430664
371851431.01854121685028076172
371851570.40201878547668457031
371851846.44575011730194091797
371852017.34196650981903076172
371852370.58875000476837158203
371852446.02510869503021240234
371852755.68809843063354492188
371852777.45579111576080322266
371853133.46288275718688964844
371853270.38868224620819091797
371853647.11016201972961425781
371853932.89885663986206054688
371854120.03075927495956420898
371854338.05872929096221923828
371854786.40285801887512207031
371855382.20546287298202514648
371855818.28435003757476806641
371856127.22196269035339355469
371856459.35464501380920410156
371856522.90222811698913574219
371856538.25116252899169921875
371857321.98670327663421630859
371857627.78745889663696289062
371858037.16020518541336059570
371858290.30905002355575561523
371859109.78068709373474121094
371859332.68785560131072998047
371859785.25205004215240478516
371859842.47265046834945678711
371859987.47341489791870117188
371860169.33877587318420410156
371860737.19030523300170898438
371860963.50753372907638549805
371861803.31807112693786621094
371862490.05269604921340942383
371862832.78315001726150512695
371863227.69548368453979492188
371863988.86130154132843017578
371864005.36258906126022338867
371864320.99359142780303955078
371864382.08346110582351684570
371864741.95193511247634887695
371864863.07839262485504150391
371864906.61369860172271728516
371865112.00203329324722290039
371865171.33643996715545654297
371865295.97380125522613525391
371865912.84093272686004638672
371866111.20741415023803710938
371870036.86095011234283447266
